 1.50000000e+00 -5.28967841e-03  1.50000000e+00 -5.98710128e-03 
 1.50000000e+00 -5.27989130e-03  1.50000000e+00 -5.97680012e-03 
 1.50000000e+00 -5.26710218e-03  1.50000000e+00 -5.96402281e-03 
 1.50000000e+00 -5.25731508e-03  1.50000000e+00 -5.95372165e-03 
 1.50000000e+00 -5.25052041e-03  1.50000000e+00 -5.93863573e-03 
 1.50000000e+00 -5.24073331e-03  1.50000000e+00 -5.92833456e-03 
 1.50000000e+00 -5.22794419e-03  1.50000000e+00 -5.91555725e-03 
 1.50000000e+00 -5.21815708e-03  1.50000000e+00 -5.90525609e-03 
 1.50000000e+00 -5.20659547e-03  1.50000000e+00 -5.89515685e-03 
 1.50000000e+00 -5.19680836e-03  1.50000000e+00 -5.88485569e-03 
 1.50000000e+00 -5.18401925e-03  1.50000000e+00 -5.87207837e-03 
 1.50000000e+00 -5.17423214e-03  1.50000000e+00 -5.86177721e-03 
 1.50000000e+00 -5.16743748e-03  1.50000000e+00 -5.84669129e-03 
 1.50000000e+00 -5.15765037e-03  1.50000000e+00 -5.83639013e-03 
 1.50000000e+00 -5.14486125e-03  1.50000000e+00 -5.82361281e-03 
 1.50000000e+00 -5.13507415e-03  1.50000000e+00 -5.81331165e-03 
 1.50000000e+00 -5.12202630e-03  1.50000000e+00 -5.80395335e-03 
 1.50000000e+00 -5.11223920e-03  1.50000000e+00 -5.79365219e-03 
 1.50000000e+00 -5.09945008e-03  1.50000000e+00 -5.78087488e-03 
 1.50000000e+00 -5.08966297e-03  1.50000000e+00 -5.77057372e-03 
 1.50000000e+00 -5.08286831e-03  1.50000000e+00 -5.75548779e-03 
 1.50000000e+00 -5.07308120e-03  1.50000000e+00 -5.74518663e-03 
 1.50000000e+00 -5.06029209e-03  1.50000000e+00 -5.73240932e-03 
 1.50000000e+00 -5.05050498e-03  1.50000000e+00 -5.72210816e-03 
 1.50000000e+00 -5.03894337e-03  1.50000000e+00 -5.71200891e-03 
 1.50000000e+00 -5.02915626e-03  1.50000000e+00 -5.70170775e-03 
 1.50000000e+00 -5.01636714e-03  1.50000000e+00 -5.68893044e-03 
 1.50000000e+00 -5.00658004e-03  1.50000000e+00 -5.67862928e-03 
 1.50000000e+00 -4.99978537e-03  1.50000000e+00 -5.66354336e-03 
 1.50000000e+00 -4.98999827e-03  1.50000000e+00 -5.65324219e-03 
 1.50000000e+00 -4.97720915e-03  1.50000000e+00 -5.64046488e-03 
 1.50000000e+00 -4.96742204e-03  1.50000000e+00 -5.63016372e-03 
 1.50000000e+00 -4.95586194e-03  1.50000000e+00 -5.60653298e-03 
 1.50000000e+00 -4.94607483e-03  1.50000000e+00 -5.59623182e-03 
 1.50000000e+00 -4.93328572e-03  1.50000000e+00 -5.58345451e-03 
 1.50000000e+00 -4.92349861e-03  1.50000000e+00 -5.57315335e-03 
 1.50000000e+00 -4.91670395e-03  1.50000000e+00 -5.55806742e-03 
 1.50000000e+00 -4.90691684e-03  1.50000000e+00 -5.54776626e-03 
 1.50000000e+00 -4.89412772e-03  1.50000000e+00 -5.53498895e-03 
 1.50000000e+00 -4.88434061e-03  1.50000000e+00 -5.52468779e-03 
 1.50000000e+00 -4.87277900e-03  1.50000000e+00 -5.51458855e-03 
 1.50000000e+00 -4.86299190e-03  1.50000000e+00 -5.50428739e-03 
 1.50000000e+00 -4.85020278e-03  1.50000000e+00 -5.49151007e-03 
 1.50000000e+00 -4.84041567e-03  1.50000000e+00 -5.48120891e-03 
 1.50000000e+00 -4.83362101e-03  1.50000000e+00 -5.46612299e-03 
 1.50000000e+00 -4.82383390e-03  1.50000000e+00 -5.45582183e-03 
 1.50000000e+00 -4.81104479e-03  1.50000000e+00 -5.44304451e-03 
 1.50000000e+00 -4.80125768e-03  1.50000000e+00 -5.43274335e-03 
 1.50000000e+00 -4.78820984e-03  1.50000000e+00 -5.42338505e-03 
 1.50000000e+00 -4.77842273e-03  1.50000000e+00 -5.41308389e-03 
 1.50000000e+00 -4.76563361e-03  1.50000000e+00 -5.40030658e-03 
 1.50000000e+00 -4.75584651e-03  1.50000000e+00 -5.39000542e-03 
 1.50000000e+00 -4.74905184e-03  1.50000000e+00 -5.37491949e-03 
 1.50000000e+00 -4.73926474e-03  1.50000000e+00 -5.36461833e-03 
 1.50000000e+00 -4.72647562e-03  1.50000000e+00 -5.35184102e-03 
 1.50000000e+00 -4.71668851e-03  1.50000000e+00 -5.34153986e-03 
 1.50000000e+00 -4.70512690e-03  1.50000000e+00 -5.33144061e-03 
 1.50000000e+00 -4.69533979e-03  1.50000000e+00 -5.32113945e-03 
 1.50000000e+00 -4.68255068e-03  1.50000000e+00 -5.30836214e-03 
 1.50000000e+00 -4.67276357e-03  1.50000000e+00 -5.29806098e-03 
 1.50000000e+00 -4.66596891e-03  1.50000000e+00 -5.28297505e-03 
 1.50000000e+00 -4.65618180e-03  1.50000000e+00 -5.27267389e-03 
 1.50000000e+00 -4.64339268e-03  1.50000000e+00 -5.25989658e-03 
 1.50000000e+00 -4.63360558e-03  1.50000000e+00 -5.24959542e-03 
 1.50000000e+00 -4.62197830e-03  1.50000000e+00 -5.24189422e-03 
 1.50000000e+00 -4.61219119e-03  1.50000000e+00 -5.23159306e-03 
 1.50000000e+00 -4.59940207e-03  1.50000000e+00 -5.21881575e-03 
 1.50000000e+00 -4.58961497e-03  1.50000000e+00 -5.20851459e-03 
 1.50000000e+00 -4.58282030e-03  1.50000000e+00 -5.19342866e-03 
 1.50000000e+00 -4.57303320e-03  1.50000000e+00 -5.18312750e-03 
 1.50000000e+00 -4.56024408e-03  1.50000000e+00 -5.17035019e-03 
 1.50000000e+00 -4.55045697e-03  1.50000000e+00 -5.16004903e-03 
 1.50000000e+00 -4.53889536e-03  1.50000000e+00 -5.14994979e-03 
 1.50000000e+00 -4.52910825e-03  1.50000000e+00 -5.13964862e-03 
 1.50000000e+00 -4.51631914e-03  1.50000000e+00 -5.12687131e-03 
 1.50000000e+00 -4.50653203e-03  1.50000000e+00 -5.11657015e-03 
 1.50000000e+00 -4.49973737e-03  1.50000000e+00 -5.10148423e-03 
 1.50000000e+00 -4.48995026e-03  1.50000000e+00 -5.09118306e-03 
 1.50000000e+00 -4.47716114e-03  1.50000000e+00 -5.07840575e-03 
 1.50000000e+00 -4.46737404e-03  1.50000000e+00 -5.06810459e-03 
 1.50000000e+00 -4.45432619e-03  1.50000000e+00 -5.05874629e-03 
 1.50000000e+00 -4.44453909e-03  1.50000000e+00 -5.04844513e-03 
 1.50000000e+00 -4.43174997e-03  1.50000000e+00 -5.03566782e-03 
 1.50000000e+00 -4.42196286e-03  1.50000000e+00 -5.02536665e-03 
 1.50000000e+00 -4.41516820e-03  1.50000000e+00 -5.01028073e-03 
 1.50000000e+00 -4.40538109e-03  1.50000000e+00 -4.99997957e-03 
 1.50000000e+00 -4.39259198e-03  1.50000000e+00 -4.98720226e-03 
 1.50000000e+00 -4.38280487e-03  1.50000000e+00 -4.97690109e-03 
 1.50000000e+00 -4.37124326e-03  1.50000000e+00 -4.96680185e-03 
 1.50000000e+00 -4.36145615e-03  1.50000000e+00 -4.95650069e-03 
 1.50000000e+00 -4.34866703e-03  1.50000000e+00 -4.94372338e-03 
 1.50000000e+00 -4.33887993e-03  1.50000000e+00 -4.93342222e-03 
 1.50000000e+00 -4.33208526e-03  1.50000000e+00 -4.91833629e-03 
 1.50000000e+00 -4.32229816e-03  1.50000000e+00 -4.90803513e-03 
 1.50000000e+00 -4.30950904e-03  1.50000000e+00 -4.89525782e-03 
 1.50000000e+00 -4.29972193e-03  1.50000000e+00 -4.88495666e-03 
 1.50000000e+00 -4.28816183e-03  1.50000000e+00 -4.86132593e-03 
 1.50000000e+00 -4.27837472e-03  1.50000000e+00 -4.85102476e-03 
 1.50000000e+00 -4.26558561e-03  1.50000000e+00 -4.83824745e-03 
 1.50000000e+00 -4.25579850e-03  1.50000000e+00 -4.82794629e-03 
 1.50000000e+00 -4.24900384e-03  1.50000000e+00 -4.81286036e-03 
 1.50000000e+00 -4.23921673e-03  1.50000000e+00 -4.80255920e-03 
 1.50000000e+00 -4.22642761e-03  1.50000000e+00 -4.78978189e-03 
 1.50000000e+00 -4.21664051e-03  1.50000000e+00 -4.77948073e-03 
 1.50000000e+00 -4.20507890e-03  1.50000000e+00 -4.76938149e-03 
 1.50000000e+00 -4.19529179e-03  1.50000000e+00 -4.75908033e-03 
 1.50000000e+00 -4.18250267e-03  1.50000000e+00 -4.74630301e-03 
 1.50000000e+00 -4.17271557e-03  1.50000000e+00 -4.73600185e-03 
 1.50000000e+00 -4.16592090e-03  1.50000000e+00 -4.72091593e-03 
 1.50000000e+00 -4.15613379e-03  1.50000000e+00 -4.71061477e-03 
 1.50000000e+00 -4.14334468e-03  1.50000000e+00 -4.69783745e-03 
 1.50000000e+00 -4.13355757e-03  1.50000000e+00 -4.68753629e-03 
 1.50000000e+00 -4.12050973e-03  1.50000000e+00 -4.67817799e-03 
 1.50000000e+00 -4.11072262e-03  1.50000000e+00 -4.66787683e-03 
 1.50000000e+00 -4.09793350e-03  1.50000000e+00 -4.65509952e-03 
 1.50000000e+00 -4.08814640e-03  1.50000000e+00 -4.64479836e-03 
 1.50000000e+00 -4.08135173e-03  1.50000000e+00 -4.62971243e-03 
 1.50000000e+00 -4.07156463e-03  1.50000000e+00 -4.61941127e-03 
 1.50000000e+00 -4.05877551e-03  1.50000000e+00 -4.60663396e-03 
 1.50000000e+00 -4.04898840e-03  1.50000000e+00 -4.59633280e-03 
 1.50000000e+00 -4.03742679e-03  1.50000000e+00 -4.58623356e-03 
 1.50000000e+00 -4.02763969e-03  1.50000000e+00 -4.57593239e-03 
 1.50000000e+00 -4.01485057e-03  1.50000000e+00 -4.56315508e-03 
 1.50000000e+00 -4.00506346e-03  1.50000000e+00 -4.55285392e-03 
 1.50000000e+00 -3.99826880e-03  1.50000000e+00 -4.53776800e-03 
 1.50000000e+00 -3.98848169e-03  1.50000000e+00 -4.52746683e-03 
 1.50000000e+00 -3.97569257e-03  1.50000000e+00 -4.51468952e-03 
 1.50000000e+00 -3.96590547e-03  1.50000000e+00 -4.50438836e-03 
 1.50000000e+00 -3.97559508e-03  1.50000000e+00 -4.49839858e-03 
 1.50000000e+00 -3.96580797e-03  1.50000000e+00 -4.48809742e-03 
 1.50000000e+00 -3.95301886e-03  1.50000000e+00 -4.47532010e-03 
 1.50000000e+00 -3.94323175e-03  1.50000000e+00 -4.46501894e-03 
 1.50000000e+00 -3.93643708e-03  1.50000000e+00 -4.44993302e-03 
 1.50000000e+00 -3.92664998e-03  1.50000000e+00 -4.43963186e-03 
 1.50000000e+00 -3.91386086e-03  1.50000000e+00 -4.42685454e-03 
 1.50000000e+00 -3.90407375e-03  1.50000000e+00 -4.41655338e-03 
 1.50000000e+00 -3.89251214e-03  1.50000000e+00 -4.40645414e-03 
 1.50000000e+00 -3.88272504e-03  1.50000000e+00 -4.39615298e-03 
 1.50000000e+00 -3.86993592e-03  1.50000000e+00 -4.38337567e-03 
 1.50000000e+00 -3.86014882e-03  1.50000000e+00 -4.37307450e-03 
 1.50000000e+00 -3.85335415e-03  1.50000000e+00 -4.35798858e-03 
 1.50000000e+00 -3.84356704e-03  1.50000000e+00 -4.34768742e-03 
 1.50000000e+00 -3.83077793e-03  1.50000000e+00 -4.33491010e-03 
 1.50000000e+00 -3.82099082e-03  1.50000000e+00 -4.32460894e-03 
 1.50000000e+00 -3.80794298e-03  1.50000000e+00 -4.31525065e-03 
 1.50000000e+00 -3.79815587e-03  1.50000000e+00 -4.30494948e-03 
 1.50000000e+00 -3.78536675e-03  1.50000000e+00 -4.29217217e-03 
 1.50000000e+00 -3.77557965e-03  1.50000000e+00 -4.28187101e-03 
 1.50000000e+00 -3.76878498e-03  1.50000000e+00 -4.26678508e-03 
 1.50000000e+00 -3.75899787e-03  1.50000000e+00 -4.25648392e-03 
 1.50000000e+00 -3.74620876e-03  1.50000000e+00 -4.24370661e-03 
 1.50000000e+00 -3.73642165e-03  1.50000000e+00 -4.23340545e-03 
 1.50000000e+00 -3.72486004e-03  1.50000000e+00 -4.22330621e-03 
 1.50000000e+00 -3.71507293e-03  1.50000000e+00 -4.21300505e-03 
 1.50000000e+00 -3.70228382e-03  1.50000000e+00 -4.20022773e-03 
 1.50000000e+00 -3.69249671e-03  1.50000000e+00 -4.18992657e-03 
 1.50000000e+00 -3.68570205e-03  1.50000000e+00 -4.17484065e-03 
 1.50000000e+00 -3.67591494e-03  1.50000000e+00 -4.16453949e-03 
 1.50000000e+00 -3.66312582e-03  1.50000000e+00 -4.15176217e-03 
 1.50000000e+00 -3.65333872e-03  1.50000000e+00 -4.14146101e-03 
 1.50000000e+00 -3.64177862e-03  1.50000000e+00 -4.11783028e-03 
 1.50000000e+00 -3.63199151e-03  1.50000000e+00 -4.10752912e-03 
 1.50000000e+00 -3.61920239e-03  1.50000000e+00 -4.09475180e-03 
 1.50000000e+00 -3.60941529e-03  1.50000000e+00 -4.08445064e-03 
 1.50000000e+00 -3.60262062e-03  1.50000000e+00 -4.06936472e-03 
 1.50000000e+00 -3.59283351e-03  1.50000000e+00 -4.05906356e-03 
 1.50000000e+00 -3.58004440e-03  1.50000000e+00 -4.04628624e-03 
 1.50000000e+00 -3.57025729e-03  1.50000000e+00 -4.03598508e-03 
 1.50000000e+00 -3.55869568e-03  1.50000000e+00 -4.02588584e-03 
 1.50000000e+00 -3.54890857e-03  1.50000000e+00 -4.01558468e-03 
 1.50000000e+00 -3.53611946e-03  1.50000000e+00 -4.00280737e-03 
 1.50000000e+00 -3.52633235e-03  1.50000000e+00 -3.99250621e-03 
 1.50000000e+00 -3.51953769e-03  1.50000000e+00 -3.97742028e-03 
 1.50000000e+00 -3.50975058e-03  1.50000000e+00 -3.96711912e-03 
 1.50000000e+00 -3.49696146e-03  1.50000000e+00 -3.95434181e-03 
 1.50000000e+00 -3.48717436e-03  1.50000000e+00 -3.94404065e-03 
 1.50000000e+00 -3.47412651e-03  1.50000000e+00 -3.93468235e-03 
 1.50000000e+00 -3.46433940e-03  1.50000000e+00 -3.92438119e-03 
 1.50000000e+00 -3.45155029e-03  1.50000000e+00 -3.91160387e-03 
 1.50000000e+00 -3.44176318e-03  1.50000000e+00 -3.90130271e-03 
 1.50000000e+00 -3.43496852e-03  1.50000000e+00 -3.88621679e-03 
 1.50000000e+00 -3.42518141e-03  1.50000000e+00 -3.87591562e-03 
 1.50000000e+00 -3.41239229e-03  1.50000000e+00 -3.86313831e-03 
 1.50000000e+00 -3.40260519e-03  1.50000000e+00 -3.85283715e-03 
 1.50000000e+00 -3.39104358e-03  1.50000000e+00 -3.84273791e-03 
 1.50000000e+00 -3.38125647e-03  1.50000000e+00 -3.83243675e-03 
 1.50000000e+00 -3.36846735e-03  1.50000000e+00 -3.81965944e-03 
 1.50000000e+00 -3.35868025e-03  1.50000000e+00 -3.80935827e-03 
 1.50000000e+00 -3.35188558e-03  1.50000000e+00 -3.79427235e-03 
 1.50000000e+00 -3.34209848e-03  1.50000000e+00 -3.78397119e-03 
 1.50000000e+00 -3.32930936e-03  1.50000000e+00 -3.77119387e-03 
 1.50000000e+00 -3.31952225e-03  1.50000000e+00 -3.76089271e-03 
 1.50000000e+00 -3.30789497e-03  1.50000000e+00 -3.75319152e-03 
 1.50000000e+00 -3.29810786e-03  1.50000000e+00 -3.74289036e-03 
 1.50000000e+00 -3.28531875e-03  1.50000000e+00 -3.73011305e-03 
 1.50000000e+00 -3.27553164e-03  1.50000000e+00 -3.71981188e-03 
 1.50000000e+00 -3.26873697e-03  1.50000000e+00 -3.70472596e-03 
 1.50000000e+00 -3.25894987e-03  1.50000000e+00 -3.69442480e-03 
 1.50000000e+00 -3.24616075e-03  1.50000000e+00 -3.68164748e-03 
 1.50000000e+00 -3.23637365e-03  1.50000000e+00 -3.67134632e-03 
 1.50000000e+00 -3.22481204e-03  1.50000000e+00 -3.66124708e-03 
 1.50000000e+00 -3.21502493e-03  1.50000000e+00 -3.65094592e-03 
 1.50000000e+00 -3.20223581e-03  1.50000000e+00 -3.63816861e-03 
 1.50000000e+00 -3.19244871e-03  1.50000000e+00 -3.62786745e-03 
 1.50000000e+00 -3.18565404e-03  1.50000000e+00 -3.61278152e-03 
 1.50000000e+00 -3.17586693e-03  1.50000000e+00 -3.60248036e-03 
 1.50000000e+00 -3.16307782e-03  1.50000000e+00 -3.58970305e-03 
 1.50000000e+00 -3.15329071e-03  1.50000000e+00 -3.57940189e-03 
 1.50000000e+00 -3.14024287e-03  1.50000000e+00 -3.57004359e-03 
 1.50000000e+00 -3.13045576e-03  1.50000000e+00 -3.55974243e-03 
 1.50000000e+00 -3.11766664e-03  1.50000000e+00 -3.54696511e-03 
 1.50000000e+00 -3.10787954e-03  1.50000000e+00 -3.53666395e-03 
 1.50000000e+00 -3.10108487e-03  1.50000000e+00 -3.52157803e-03 
 1.50000000e+00 -3.09129776e-03  1.50000000e+00 -3.51127686e-03 
 1.50000000e+00 -3.07850865e-03  1.50000000e+00 -3.49849955e-03 
 1.50000000e+00 -3.06872154e-03  1.50000000e+00 -3.48819839e-03 
 1.50000000e+00 -3.05715993e-03  1.50000000e+00 -3.47809915e-03 
 1.50000000e+00 -3.04737282e-03  1.50000000e+00 -3.46779799e-03 
 1.50000000e+00 -3.03458371e-03  1.50000000e+00 -3.45502068e-03 
 1.50000000e+00 -3.02479660e-03  1.50000000e+00 -3.44471951e-03 
 1.50000000e+00 -3.01800194e-03  1.50000000e+00 -3.42963359e-03 
 1.50000000e+00 -3.00821483e-03  1.50000000e+00 -3.41933243e-03 
 1.50000000e+00 -2.99542571e-03  1.50000000e+00 -3.40655511e-03 
 1.50000000e+00 -2.98563861e-03  1.50000000e+00 -3.39625395e-03 
 1.50000000e+00 -2.97407851e-03  1.50000000e+00 -3.37262323e-03 
 1.50000000e+00 -2.96429140e-03  1.50000000e+00 -3.36232206e-03 
 1.50000000e+00 -2.95150228e-03  1.50000000e+00 -3.34954475e-03 
 1.50000000e+00 -2.94171518e-03  1.50000000e+00 -3.33924359e-03 
 1.50000000e+00 -2.93492051e-03  1.50000000e+00 -3.32415766e-03 
 1.50000000e+00 -2.92513340e-03  1.50000000e+00 -3.31385650e-03 
 1.50000000e+00 -2.91234429e-03  1.50000000e+00 -3.30107919e-03 
 1.50000000e+00 -2.90255718e-03  1.50000000e+00 -3.29077803e-03 
 1.50000000e+00 -2.89099557e-03  1.50000000e+00 -3.28067879e-03 
 1.50000000e+00 -2.88120847e-03  1.50000000e+00 -3.27037763e-03 
 1.50000000e+00 -2.86841935e-03  1.50000000e+00 -3.25760031e-03 
 1.50000000e+00 -2.85863224e-03  1.50000000e+00 -3.24729915e-03 
 1.50000000e+00 -2.85183758e-03  1.50000000e+00 -3.23221323e-03 
 1.50000000e+00 -2.84205047e-03  1.50000000e+00 -3.22191207e-03 
 1.50000000e+00 -2.82926136e-03  1.50000000e+00 -3.20913475e-03 
 1.50000000e+00 -2.81947425e-03  1.50000000e+00 -3.19883359e-03 
 1.50000000e+00 -2.80642640e-03  1.50000000e+00 -3.18947529e-03 
 1.50000000e+00 -2.79663930e-03  1.50000000e+00 -3.17917413e-03 
 1.50000000e+00 -2.78385018e-03  1.50000000e+00 -3.16639682e-03 
 1.50000000e+00 -2.77406307e-03  1.50000000e+00 -3.15609566e-03 
 1.50000000e+00 -2.76726841e-03  1.50000000e+00 -3.14100973e-03 
 1.50000000e+00 -2.75748130e-03  1.50000000e+00 -3.13070857e-03 
 1.50000000e+00 -2.74469218e-03  1.50000000e+00 -3.11793126e-03 
 1.50000000e+00 -2.73490508e-03  1.50000000e+00 -3.10763009e-03 
 1.50000000e+00 -2.72334347e-03  1.50000000e+00 -3.09753086e-03 
 1.50000000e+00 -2.71355636e-03  1.50000000e+00 -3.08722970e-03 
 1.50000000e+00 -2.70076725e-03  1.50000000e+00 -3.07445238e-03 
 1.50000000e+00 -2.69098014e-03  1.50000000e+00 -3.06415122e-03 
 1.50000000e+00 -2.68418547e-03  1.50000000e+00 -3.04906530e-03 
 1.50000000e+00 -2.67439837e-03  1.50000000e+00 -3.03876413e-03 
 1.50000000e+00 -2.66160925e-03  1.50000000e+00 -3.02598682e-03 
 1.50000000e+00 -2.65182214e-03  1.50000000e+00 -3.01568566e-03 
 1.50000000e+00 -2.66758794e-03  1.50000000e+00 -2.97786178e-03 
 1.50000000e+00 -2.65780083e-03  1.50000000e+00 -2.96756062e-03 
 1.50000000e+00 -2.64501172e-03  1.50000000e+00 -2.95478330e-03 
 1.50000000e+00 -2.63522461e-03  1.50000000e+00 -2.94448214e-03 
 1.50000000e+00 -2.62842995e-03  1.50000000e+00 -2.92939622e-03 
 1.50000000e+00 -2.61864284e-03  1.50000000e+00 -2.91909506e-03 
 1.50000000e+00 -2.60585372e-03  1.50000000e+00 -2.90631774e-03 
 1.50000000e+00 -2.59606662e-03  1.50000000e+00 -2.89601658e-03 
 1.50000000e+00 -2.58450501e-03  1.50000000e+00 -2.88591734e-03 
 1.50000000e+00 -2.57471790e-03  1.50000000e+00 -2.87561618e-03 
 1.50000000e+00 -2.56192879e-03  1.50000000e+00 -2.86283887e-03 
 1.50000000e+00 -2.55214168e-03  1.50000000e+00 -2.85253771e-03 
 1.50000000e+00 -2.54534701e-03  1.50000000e+00 -2.83745178e-03 
 1.50000000e+00 -2.53555991e-03  1.50000000e+00 -2.82715062e-03 
 1.50000000e+00 -2.52277079e-03  1.50000000e+00 -2.81437331e-03 
 1.50000000e+00 -2.51298368e-03  1.50000000e+00 -2.80407214e-03 
 1.50000000e+00 -2.49993584e-03  1.50000000e+00 -2.79471385e-03 
 1.50000000e+00 -2.49014873e-03  1.50000000e+00 -2.78441269e-03 
 1.50000000e+00 -2.47735961e-03  1.50000000e+00 -2.77163537e-03 
 1.50000000e+00 -2.46757251e-03  1.50000000e+00 -2.76133421e-03 
 1.50000000e+00 -2.46077784e-03  1.50000000e+00 -2.74624829e-03 
 1.50000000e+00 -2.45099073e-03  1.50000000e+00 -2.73594712e-03 
 1.50000000e+00 -2.43820162e-03  1.50000000e+00 -2.72316981e-03 
 1.50000000e+00 -2.42841451e-03  1.50000000e+00 -2.71286865e-03 
 1.50000000e+00 -2.41685290e-03  1.50000000e+00 -2.70276941e-03 
 1.50000000e+00 -2.40706580e-03  1.50000000e+00 -2.69246825e-03 
 1.50000000e+00 -2.39427668e-03  1.50000000e+00 -2.67969094e-03 
 1.50000000e+00 -2.38448957e-03  1.50000000e+00 -2.66938977e-03 
 1.50000000e+00 -2.37769491e-03  1.50000000e+00 -2.65430385e-03 
 1.50000000e+00 -2.36790780e-03  1.50000000e+00 -2.64400269e-03 
 1.50000000e+00 -2.35511868e-03  1.50000000e+00 -2.63122537e-03 
 1.50000000e+00 -2.34533158e-03  1.50000000e+00 -2.62092421e-03 
 1.50000000e+00 -2.33377148e-03  1.50000000e+00 -2.59729349e-03 
 1.50000000e+00 -2.32398437e-03  1.50000000e+00 -2.58699232e-03 
 1.50000000e+00 -2.31119526e-03  1.50000000e+00 -2.57421501e-03 
 1.50000000e+00 -2.30140815e-03  1.50000000e+00 -2.56391385e-03 
 1.50000000e+00 -2.29461348e-03  1.50000000e+00 -2.54882792e-03 
 1.50000000e+00 -2.28482638e-03  1.50000000e+00 -2.53852676e-03 
 1.50000000e+00 -2.27203726e-03  1.50000000e+00 -2.52574945e-03 
 1.50000000e+00 -2.26225015e-03  1.50000000e+00 -2.51544829e-03 
 1.50000000e+00 -2.25068854e-03  1.50000000e+00 -2.50534905e-03 
 1.50000000e+00 -2.24090144e-03  1.50000000e+00 -2.49504789e-03 
 1.50000000e+00 -2.22811232e-03  1.50000000e+00 -2.48227058e-03 
 1.50000000e+00 -2.21832522e-03  1.50000000e+00 -2.47196941e-03 
 1.50000000e+00 -2.21153055e-03  1.50000000e+00 -2.45688349e-03 
 1.50000000e+00 -2.20174344e-03  1.50000000e+00 -2.44658233e-03 
 1.50000000e+00 -2.18895433e-03  1.50000000e+00 -2.43380501e-03 
 1.50000000e+00 -2.17916722e-03  1.50000000e+00 -2.42350385e-03 
 1.50000000e+00 -2.16611937e-03  1.50000000e+00 -2.41414556e-03 
 1.50000000e+00 -2.15633226e-03  1.50000000e+00 -2.40384439e-03 
 1.50000000e+00 -2.14354315e-03  1.50000000e+00 -2.39106708e-03 
 1.50000000e+00 -2.13375604e-03  1.50000000e+00 -2.38076592e-03 
 1.50000000e+00 -2.12696138e-03  1.50000000e+00 -2.36567999e-03 
 1.50000000e+00 -2.11717427e-03  1.50000000e+00 -2.35537883e-03 
 1.50000000e+00 -2.10438515e-03  1.50000000e+00 -2.34260152e-03 
 1.50000000e+00 -2.09459805e-03  1.50000000e+00 -2.33230035e-03 
 1.50000000e+00 -2.08303644e-03  1.50000000e+00 -2.32220112e-03 
 1.50000000e+00 -2.07324933e-03  1.50000000e+00 -2.31189996e-03 
 1.50000000e+00 -2.06046022e-03  1.50000000e+00 -2.29912264e-03 
 1.50000000e+00 -2.05067311e-03  1.50000000e+00 -2.28882148e-03 
 1.50000000e+00 -2.04387844e-03  1.50000000e+00 -2.27373556e-03 
 1.50000000e+00 -2.03409134e-03  1.50000000e+00 -2.26343440e-03 
 1.50000000e+00 -2.02130222e-03  1.50000000e+00 -2.25065708e-03 
 1.50000000e+00 -2.01151511e-03  1.50000000e+00 -2.24035592e-03 
 1.50000000e+00 -1.99988783e-03  1.50000000e+00 -2.23265473e-03 
 1.50000000e+00 -1.99010072e-03  1.50000000e+00 -2.22235357e-03 
 1.50000000e+00 -1.97731161e-03  1.50000000e+00 -2.20957625e-03 
 1.50000000e+00 -1.96752450e-03  1.50000000e+00 -2.19927509e-03 
 1.50000000e+00 -1.96072983e-03  1.50000000e+00 -2.18418917e-03 
 1.50000000e+00 -1.95094272e-03  1.50000000e+00 -2.17388800e-03 
 1.50000000e+00 -1.93815361e-03  1.50000000e+00 -2.16111069e-03 
 1.50000000e+00 -1.92836650e-03  1.50000000e+00 -2.15080953e-03 
 1.50000000e+00 -1.91680489e-03  1.50000000e+00 -2.14071030e-03 
 1.50000000e+00 -1.90701779e-03  1.50000000e+00 -2.13040913e-03 
 1.50000000e+00 -1.89422867e-03  1.50000000e+00 -2.11763182e-03 
 1.50000000e+00 -1.88444157e-03  1.50000000e+00 -2.10733066e-03 
 1.50000000e+00 -1.87764690e-03  1.50000000e+00 -2.09224473e-03 
 1.50000000e+00 -1.86785979e-03  1.50000000e+00 -2.08194357e-03 
 1.50000000e+00 -1.85507068e-03  1.50000000e+00 -2.06916626e-03 
 1.50000000e+00 -1.84528357e-03  1.50000000e+00 -2.05886509e-03 
 1.50000000e+00 -1.83223572e-03  1.50000000e+00 -2.04950680e-03 
 1.50000000e+00 -1.82244861e-03  1.50000000e+00 -2.03920564e-03 
 1.50000000e+00 -1.80965950e-03  1.50000000e+00 -2.02642832e-03 
 1.50000000e+00 -1.79987239e-03  1.50000000e+00 -2.01612716e-03 
 1.50000000e+00 -1.79307772e-03  1.50000000e+00 -2.00104123e-03 
 1.50000000e+00 -1.78329062e-03  1.50000000e+00 -1.99074007e-03 
 1.50000000e+00 -1.77050150e-03  1.50000000e+00 -1.97796276e-03 
 1.50000000e+00 -1.76071440e-03  1.50000000e+00 -1.96766160e-03 
 1.50000000e+00 -1.74915279e-03  1.50000000e+00 -1.95756236e-03 
 1.50000000e+00 -1.73936568e-03  1.50000000e+00 -1.94726120e-03 
 1.50000000e+00 -1.72657657e-03  1.50000000e+00 -1.93448389e-03 
 1.50000000e+00 -1.71678946e-03  1.50000000e+00 -1.92418273e-03 
 1.50000000e+00 -1.70999479e-03  1.50000000e+00 -1.90909680e-03 
 1.50000000e+00 -1.70020769e-03  1.50000000e+00 -1.89879564e-03 
 1.50000000e+00 -1.68741857e-03  1.50000000e+00 -1.88601832e-03 
 1.50000000e+00 -1.67763146e-03  1.50000000e+00 -1.87571716e-03 
 1.50000000e+00 -1.66607136e-03  1.50000000e+00 -1.85208644e-03 
 1.50000000e+00 -1.65628426e-03  1.50000000e+00 -1.84178528e-03 
 1.50000000e+00 -1.64349514e-03  1.50000000e+00 -1.82900796e-03 
 1.50000000e+00 -1.63370804e-03  1.50000000e+00 -1.81870680e-03 
 1.50000000e+00 -1.62691337e-03  1.50000000e+00 -1.80362088e-03 
 1.50000000e+00 -1.61712626e-03  1.50000000e+00 -1.79331971e-03 
 1.50000000e+00 -1.60433715e-03  1.50000000e+00 -1.78054240e-03 
 1.50000000e+00 -1.59455004e-03  1.50000000e+00 -1.77024124e-03 
 1.50000000e+00 -1.58298843e-03  1.50000000e+00 -1.76014201e-03 
 1.50000000e+00 -1.57320133e-03  1.50000000e+00 -1.74984084e-03 
 1.50000000e+00 -1.56041221e-03  1.50000000e+00 -1.73706353e-03 
 1.50000000e+00 -1.55062510e-03  1.50000000e+00 -1.72676237e-03 
 1.50000000e+00 -1.54383044e-03  1.50000000e+00 -1.71167644e-03 
 1.50000000e+00 -1.53404333e-03  1.50000000e+00 -1.70137528e-03 
 1.50000000e+00 -1.52125421e-03  1.50000000e+00 -1.68859797e-03 
 1.50000000e+00 -1.51146711e-03  1.50000000e+00 -1.67829680e-03 
 1.50000000e+00 -1.49841926e-03  1.50000000e+00 -1.66893851e-03 
 1.50000000e+00 -1.48863215e-03  1.50000000e+00 -1.65863735e-03 
 1.50000000e+00 -1.47584304e-03  1.50000000e+00 -1.64586003e-03 
 1.50000000e+00 -1.46605593e-03  1.50000000e+00 -1.63555887e-03 
 1.50000000e+00 -1.45926126e-03  1.50000000e+00 -1.62047294e-03 
 1.50000000e+00 -1.44947415e-03  1.50000000e+00 -1.61017178e-03 
 1.50000000e+00 -1.43668504e-03  1.50000000e+00 -1.59739447e-03 
 1.50000000e+00 -1.42689793e-03  1.50000000e+00 -1.58709331e-03 
 1.50000000e+00 -1.41533633e-03  1.50000000e+00 -1.57699407e-03 
 1.50000000e+00 -1.40554922e-03  1.50000000e+00 -1.56669291e-03 
 1.50000000e+00 -1.39276010e-03  1.50000000e+00 -1.55391560e-03 
 1.50000000e+00 -1.38297300e-03  1.50000000e+00 -1.54361444e-03 
 1.50000000e+00 -1.37617833e-03  1.50000000e+00 -1.52852851e-03 
 1.50000000e+00 -1.36639122e-03  1.50000000e+00 -1.51822735e-03 
 1.50000000e+00 -1.35360211e-03  1.50000000e+00 -1.50545003e-03 
 1.50000000e+00 -1.34381500e-03  1.50000000e+00 -1.49514887e-03 
 1.50000000e+00 -1.35350462e-03  1.50000000e+00 -1.48915908e-03 
 1.50000000e+00 -1.34371751e-03  1.50000000e+00 -1.47885792e-03 
 1.50000000e+00 -1.33092840e-03  1.50000000e+00 -1.46608061e-03 
 1.50000000e+00 -1.32114129e-03  1.50000000e+00 -1.45577944e-03 
 1.50000000e+00 -1.31434662e-03  1.50000000e+00 -1.44069352e-03 
 1.50000000e+00 -1.30455952e-03  1.50000000e+00 -1.43039236e-03 
 1.50000000e+00 -1.29177040e-03  1.50000000e+00 -1.41761504e-03 
 1.50000000e+00 -1.28198329e-03  1.50000000e+00 -1.40731388e-03 
 1.50000000e+00 -1.27042169e-03  1.50000000e+00 -1.39721465e-03 
 1.50000000e+00 -1.26063458e-03  1.50000000e+00 -1.38691349e-03 
 1.50000000e+00 -1.24784546e-03  1.50000000e+00 -1.37413617e-03 
 1.50000000e+00 -1.23805836e-03  1.50000000e+00 -1.36383501e-03 
 1.50000000e+00 -1.23126369e-03  1.50000000e+00 -1.34874908e-03 
 1.50000000e+00 -1.22147658e-03  1.50000000e+00 -1.33844792e-03 
 1.50000000e+00 -1.20868747e-03  1.50000000e+00 -1.32567061e-03 
 1.50000000e+00 -1.19890036e-03  1.50000000e+00 -1.31536945e-03 
 1.50000000e+00 -1.18585251e-03  1.50000000e+00 -1.30601115e-03 
 1.50000000e+00 -1.17606540e-03  1.50000000e+00 -1.29570999e-03 
 1.50000000e+00 -1.16327629e-03  1.50000000e+00 -1.28293267e-03 
 1.50000000e+00 -1.15348918e-03  1.50000000e+00 -1.27263151e-03 
 1.50000000e+00 -1.14669452e-03  1.50000000e+00 -1.25754559e-03 
 1.50000000e+00 -1.13690741e-03  1.50000000e+00 -1.24724442e-03 
 1.50000000e+00 -1.12411829e-03  1.50000000e+00 -1.23446711e-03 
 1.50000000e+00 -1.11433119e-03  1.50000000e+00 -1.22416595e-03 
 1.50000000e+00 -1.10276958e-03  1.50000000e+00 -1.21406672e-03 
 1.50000000e+00 -1.09298247e-03  1.50000000e+00 -1.20376555e-03 
 1.50000000e+00 -1.08019336e-03  1.50000000e+00 -1.19098824e-03 
 1.50000000e+00 -1.07040625e-03  1.50000000e+00 -1.18068708e-03 
 1.50000000e+00 -1.06361158e-03  1.50000000e+00 -1.16560115e-03 
 1.50000000e+00 -1.05382448e-03  1.50000000e+00 -1.15529999e-03 
 1.50000000e+00 -1.04103536e-03  1.50000000e+00 -1.14252268e-03 
 1.50000000e+00 -1.03124826e-03  1.50000000e+00 -1.13222151e-03 
 1.50000000e+00 -1.01968816e-03  1.50000000e+00 -1.10859079e-03 
 1.50000000e+00 -1.00990105e-03  1.50000000e+00 -1.09828963e-03 
 1.50000000e+00 -9.97111936e-04  1.50000000e+00 -1.08551232e-03 
 1.50000000e+00 -9.87324829e-04  1.50000000e+00 -1.07521115e-03 
 1.50000000e+00 -9.80530161e-04  1.50000000e+00 -1.06012523e-03 
 1.50000000e+00 -9.70743055e-04  1.50000000e+00 -1.04982407e-03 
 1.50000000e+00 -9.57953940e-04  1.50000000e+00 -1.03704675e-03 
 1.50000000e+00 -9.48166833e-04  1.50000000e+00 -1.02674559e-03 
 1.50000000e+00 -9.36605227e-04  1.50000000e+00 -1.01664636e-03 
 1.50000000e+00 -9.26818120e-04  1.50000000e+00 -1.00634520e-03 
 1.50000000e+00 -9.14029005e-04  1.50000000e+00 -9.93567882e-04 
 1.50000000e+00 -9.04241898e-04  1.50000000e+00 -9.83266720e-04 
 1.50000000e+00 -8.97447230e-04  1.50000000e+00 -9.68180794e-04 
 1.50000000e+00 -8.87660124e-04  1.50000000e+00 -9.57879632e-04 
 1.50000000e+00 -8.74871009e-04  1.50000000e+00 -9.45102318e-04 
 1.50000000e+00 -8.65083902e-04  1.50000000e+00 -9.34801156e-04 
 1.50000000e+00 -8.52036051e-04  1.50000000e+00 -9.25442860e-04 
 1.50000000e+00 -8.42248944e-04  1.50000000e+00 -9.15141698e-04 
 1.50000000e+00 -8.29459829e-04  1.50000000e+00 -9.02364384e-04 
 1.50000000e+00 -8.19672723e-04  1.50000000e+00 -8.92063222e-04 
 1.50000000e+00 -8.12878054e-04  1.50000000e+00 -8.76977296e-04 
 1.50000000e+00 -8.03090948e-04  1.50000000e+00 -8.66676133e-04 
 1.50000000e+00 -7.90301833e-04  1.50000000e+00 -8.53898820e-04 
 1.50000000e+00 -7.80514726e-04  1.50000000e+00 -8.43597657e-04 
 1.50000000e+00 -7.68953120e-04  1.50000000e+00 -8.33498426e-04 
 1.50000000e+00 -7.59166013e-04  1.50000000e+00 -8.23197264e-04 
 1.50000000e+00 -7.46376898e-04  1.50000000e+00 -8.10419951e-04 
 1.50000000e+00 -7.36589792e-04  1.50000000e+00 -8.00118788e-04 
 1.50000000e+00 -7.29795123e-04  1.50000000e+00 -7.85032862e-04 
 1.50000000e+00 -7.20008017e-04  1.50000000e+00 -7.74731699e-04 
 1.50000000e+00 -7.07218902e-04  1.50000000e+00 -7.61954386e-04 
 1.50000000e+00 -6.97431795e-04  1.50000000e+00 -7.51653223e-04 
 1.50000000e+00 -6.85804505e-04  1.50000000e+00 -7.43952036e-04 
 1.50000000e+00 -6.76017398e-04  1.50000000e+00 -7.33650874e-04 
 1.50000000e+00 -6.63228283e-04  1.50000000e+00 -7.20873561e-04 
 1.50000000e+00 -6.53441177e-04  1.50000000e+00 -7.10572398e-04 
 1.50000000e+00 -6.46646508e-04  1.50000000e+00 -6.95486472e-04 
 1.50000000e+00 -6.36859402e-04  1.50000000e+00 -6.85185309e-04 
 1.50000000e+00 -6.24070287e-04  1.50000000e+00 -6.72407996e-04 
 1.50000000e+00 -6.14283180e-04  1.50000000e+00 -6.62106833e-04 
 1.50000000e+00 -6.02721574e-04  1.50000000e+00 -6.52007603e-04 
 1.50000000e+00 -5.92934467e-04  1.50000000e+00 -6.41706440e-04 
 1.50000000e+00 -5.80145352e-04  1.50000000e+00 -6.28929127e-04 
 1.50000000e+00 -5.70358246e-04  1.50000000e+00 -6.18627964e-04 
 1.50000000e+00 -5.63563577e-04  1.50000000e+00 -6.03542038e-04 
 1.50000000e+00 -5.53776471e-04  1.50000000e+00 -5.93240876e-04 
 1.50000000e+00 -5.40987356e-04  1.50000000e+00 -5.80463562e-04 
 1.50000000e+00 -5.31200249e-04  1.50000000e+00 -5.70162400e-04 
 1.50000000e+00 -5.18152397e-04  1.50000000e+00 -5.60804105e-04 
 1.50000000e+00 -5.08365291e-04  1.50000000e+00 -5.50502942e-04 
 1.50000000e+00 -4.95576176e-04  1.50000000e+00 -5.37725629e-04 
 1.50000000e+00 -4.85789069e-04  1.50000000e+00 -5.27424466e-04 
 1.50000000e+00 -4.78994401e-04  1.50000000e+00 -5.12338540e-04 
 1.50000000e+00 -4.69207294e-04  1.50000000e+00 -5.02037377e-04 
 1.50000000e+00 -4.56418179e-04  1.50000000e+00 -4.89260064e-04 
 1.50000000e+00 -4.46631072e-04  1.50000000e+00 -4.78958901e-04 
 1.50000000e+00 -4.35069466e-04  1.50000000e+00 -4.68859671e-04 
 1.50000000e+00 -4.25282360e-04  1.50000000e+00 -4.58558508e-04 
 1.50000000e+00 -4.12493245e-04  1.50000000e+00 -4.45781195e-04 
 1.50000000e+00 -4.02706138e-04  1.50000000e+00 -4.35480032e-04 
 1.50000000e+00 -3.95911470e-04  1.50000000e+00 -4.20394106e-04 
 1.50000000e+00 -3.86124363e-04  1.50000000e+00 -4.10092943e-04 
 1.50000000e+00 -3.73335248e-04  1.50000000e+00 -3.97315630e-04 
 1.50000000e+00 -3.63548141e-04  1.50000000e+00 -3.87014467e-04 
 1.50000000e+00 -3.51988045e-04  1.50000000e+00 -3.63383749e-04 
 1.50000000e+00 -3.42200939e-04  1.50000000e+00 -3.53082587e-04 
 1.50000000e+00 -3.29411824e-04  1.50000000e+00 -3.40305273e-04 
 1.50000000e+00 -3.19624717e-04  1.50000000e+00 -3.30004111e-04 
 1.50000000e+00 -3.12830049e-04  1.50000000e+00 -3.14918184e-04 
 1.50000000e+00 -3.03042942e-04  1.50000000e+00 -3.04617022e-04 
 1.50000000e+00 -2.90253827e-04  1.50000000e+00 -2.91839708e-04 
 1.50000000e+00 -2.80466720e-04  1.50000000e+00 -2.81538546e-04 
 1.50000000e+00 -2.68905115e-04  1.50000000e+00 -2.71439316e-04 
 1.50000000e+00 -2.59118008e-04  1.50000000e+00 -2.61138154e-04 
 1.50000000e+00 -2.46328893e-04  1.50000000e+00 -2.48360840e-04 
 1.50000000e+00 -2.36541787e-04  1.50000000e+00 -2.38059678e-04 
 1.50000000e+00 -2.29747118e-04  1.50000000e+00 -2.22973751e-04 
 1.50000000e+00 -2.19960011e-04  1.50000000e+00 -2.12672588e-04 
 1.50000000e+00 -2.07170897e-04  1.50000000e+00 -1.99895275e-04 
 1.50000000e+00 -1.97383790e-04  1.50000000e+00 -1.89594113e-04 
 1.50000000e+00 -1.84335937e-04  1.50000000e+00 -1.80235818e-04 
 1.50000000e+00 -1.74548831e-04  1.50000000e+00 -1.69934655e-04 
 1.50000000e+00 -1.61759716e-04  1.50000000e+00 -1.57157342e-04 
 1.50000000e+00 -1.51972609e-04  1.50000000e+00 -1.46856179e-04 
 1.50000000e+00 -1.45177941e-04  1.50000000e+00 -1.31770253e-04 
 1.50000000e+00 -1.35390834e-04  1.50000000e+00 -1.21469090e-04 
 1.50000000e+00 -1.22601719e-04  1.50000000e+00 -1.08691777e-04 
 1.50000000e+00 -1.12814613e-04  1.50000000e+00 -9.83906140e-05 
 1.50000000e+00 -1.01253007e-04  1.50000000e+00 -8.82913846e-05 
 1.50000000e+00 -9.14659005e-05  1.50000000e+00 -7.79902220e-05 
 1.50000000e+00 -7.86767856e-05  1.50000000e+00 -6.52129086e-05 
 1.50000000e+00 -6.88896791e-05  1.50000000e+00 -5.49117460e-05 
 1.50000000e+00 -6.20950101e-05  1.50000000e+00 -3.98258193e-05 
 1.50000000e+00 -5.23079036e-05  1.50000000e+00 -2.95246567e-05 
 1.50000000e+00 -3.95187887e-05  1.50000000e+00 -1.67473433e-05 
 1.50000000e+00 -2.97316822e-05  1.50000000e+00 -6.44618073e-06 
 1.50000000e+00  2.97786748e-05  1.50000000e+00  1.05795267e-05 
 1.50000000e+00  3.95657813e-05  1.50000000e+00  2.08806894e-05 
 1.50000000e+00  5.23548962e-05  1.50000000e+00  3.36580029e-05 
 1.50000000e+00  6.21420027e-05  1.50000000e+00  4.39591656e-05 
 1.50000000e+00  6.89366719e-05  1.50000000e+00  5.90450925e-05 
 1.50000000e+00  7.87237785e-05  1.50000000e+00  6.93462552e-05 
 1.50000000e+00  9.15128933e-05  1.50000000e+00  8.21235687e-05 
 1.50000000e+00  1.01300000e-04  1.50000000e+00  9.24247314e-05 
 1.50000000e+00  1.12861605e-04  1.50000000e+00  1.02523960e-04 
 1.50000000e+00  1.22648712e-04  1.50000000e+00  1.12825123e-04 
 1.50000000e+00  1.35437827e-04  1.50000000e+00  1.25602437e-04 
 1.50000000e+00  1.45224933e-04  1.50000000e+00  1.35903599e-04 
 1.50000000e+00  1.52019602e-04  1.50000000e+00  1.50989526e-04 
 1.50000000e+00  1.61806709e-04  1.50000000e+00  1.61290689e-04 
 1.50000000e+00  1.74595824e-04  1.50000000e+00  1.74068002e-04 
 1.50000000e+00  1.84382930e-04  1.50000000e+00  1.84369165e-04 
 1.50000000e+00  1.97430784e-04  1.50000000e+00  1.93727460e-04 
 1.50000000e+00  2.07217890e-04  1.50000000e+00  2.04028622e-04 
 1.50000000e+00  2.20007005e-04  1.50000000e+00  2.16805936e-04 
 1.50000000e+00  2.29794112e-04  1.50000000e+00  2.27107099e-04 
 1.50000000e+00  2.36588781e-04  1.50000000e+00  2.42193026e-04 
 1.50000000e+00  2.46375888e-04  1.50000000e+00  2.52494188e-04 
 1.50000000e+00  2.59165002e-04  1.50000000e+00  2.65271502e-04 
 1.50000000e+00  2.68952109e-04  1.50000000e+00  2.75572665e-04 
 1.50000000e+00  2.80513714e-04  1.50000000e+00  2.85671893e-04 
 1.50000000e+00  2.90300821e-04  1.50000000e+00  2.95973056e-04 
 1.50000000e+00  3.03089935e-04  1.50000000e+00  3.08750370e-04 
 1.50000000e+00  3.12877042e-04  1.50000000e+00  3.19051532e-04 
 1.50000000e+00  3.19671711e-04  1.50000000e+00  3.34137459e-04 
 1.50000000e+00  3.29458818e-04  1.50000000e+00  3.44438622e-04 
 1.50000000e+00  3.42247933e-04  1.50000000e+00  3.57215936e-04 
 1.50000000e+00  3.52035039e-04  1.50000000e+00  3.67517098e-04 
 1.50000000e+00  3.63595134e-04  1.50000000e+00  3.91147814e-04 
 1.50000000e+00  3.73382241e-04  1.50000000e+00  4.01448977e-04 
 1.50000000e+00  3.86171355e-04  1.50000000e+00  4.14226290e-04 
 1.50000000e+00  3.95958462e-04  1.50000000e+00  4.24527453e-04 
 1.50000000e+00  4.02753132e-04  1.50000000e+00  4.39613380e-04 
 1.50000000e+00  4.12540238e-04  1.50000000e+00  4.49914543e-04 
 1.50000000e+00  4.25329353e-04  1.50000000e+00  4.62691857e-04 
 1.50000000e+00  4.35116459e-04  1.50000000e+00  4.72993019e-04 
 1.50000000e+00  4.46678064e-04  1.50000000e+00  4.83092248e-04 
 1.50000000e+00  4.56465171e-04  1.50000000e+00  4.93393410e-04 
 1.50000000e+00  4.69254285e-04  1.50000000e+00  5.06170724e-04 
 1.50000000e+00  4.79041392e-04  1.50000000e+00  5.16471886e-04 
 1.50000000e+00  4.85836061e-04  1.50000000e+00  5.31557814e-04 
 1.50000000e+00  4.95623168e-04  1.50000000e+00  5.41858976e-04 
 1.50000000e+00  5.08412283e-04  1.50000000e+00  5.54636290e-04 
 1.50000000e+00  5.18199389e-04  1.50000000e+00  5.64937453e-04 
 1.50000000e+00  5.31247243e-04  1.50000000e+00  5.74295747e-04 
 1.50000000e+00  5.41034350e-04  1.50000000e+00  5.84596910e-04 
 1.50000000e+00  5.53823464e-04  1.50000000e+00  5.97374223e-04 
 1.50000000e+00  5.63610571e-04  1.50000000e+00  6.07675386e-04 
 1.50000000e+00  5.70405241e-04  1.50000000e+00  6.22761313e-04 
 1.50000000e+00  5.80192347e-04  1.50000000e+00  6.33062476e-04 
 1.50000000e+00  5.92981462e-04  1.50000000e+00  6.45839789e-04 
 1.50000000e+00  6.02768568e-04  1.50000000e+00  6.56140952e-04 
 1.50000000e+00  6.14330173e-04  1.50000000e+00  6.66240180e-04 
 1.50000000e+00  6.24117280e-04  1.50000000e+00  6.76541343e-04 
 1.50000000e+00  6.36906394e-04  1.50000000e+00  6.89318656e-04 
 1.50000000e+00  6.46693501e-04  1.50000000e+00  6.99619819e-04 
 1.50000000e+00  6.53488171e-04  1.50000000e+00  7.14705746e-04 
 1.50000000e+00  6.63275277e-04  1.50000000e+00  7.25006909e-04 
 1.50000000e+00  6.76064392e-04  1.50000000e+00  7.37784223e-04 
 1.50000000e+00  6.85851498e-04  1.50000000e+00  7.48085385e-04 
 1.50000000e+00  6.97478792e-04  1.50000000e+00  7.55786570e-04 
 1.50000000e+00  7.07265898e-04  1.50000000e+00  7.66087733e-04 
 1.50000000e+00  7.20055013e-04  1.50000000e+00  7.78865046e-04 
 1.50000000e+00  7.29842120e-04  1.50000000e+00  7.89166209e-04 
 1.50000000e+00  7.36636789e-04  1.50000000e+00  8.04252136e-04 
 1.50000000e+00  7.46423896e-04  1.50000000e+00  8.14553299e-04 
 1.50000000e+00  7.59213011e-04  1.50000000e+00  8.27330613e-04 
 1.50000000e+00  7.69000117e-04  1.50000000e+00  8.37631775e-04 
 1.50000000e+00  7.80561722e-04  1.50000000e+00  8.47731003e-04 
 1.50000000e+00  7.90348828e-04  1.50000000e+00  8.58032166e-04 
 1.50000000e+00  8.03137943e-04  1.50000000e+00  8.70809479e-04 
 1.50000000e+00  8.12925049e-04  1.50000000e+00  8.81110642e-04 
 1.50000000e+00  8.19719719e-04  1.50000000e+00  8.96196569e-04 
 1.50000000e+00  8.29506826e-04  1.50000000e+00  9.06497732e-04 
 1.50000000e+00  8.42295940e-04  1.50000000e+00  9.19275046e-04 
 1.50000000e+00  8.52083047e-04  1.50000000e+00  9.29576208e-04 
 1.50000000e+00  8.65130902e-04  1.50000000e+00  9.38934503e-04 
 1.50000000e+00  8.74918008e-04  1.50000000e+00  9.49235665e-04 
 1.50000000e+00  8.87707123e-04  1.50000000e+00  9.62012979e-04 
 1.50000000e+00  8.97494229e-04  1.50000000e+00  9.72314142e-04 
 1.50000000e+00  9.04288899e-04  1.50000000e+00  9.87400069e-04 
 1.50000000e+00  9.14076006e-04  1.50000000e+00  9.97701232e-04 
 1.50000000e+00  9.26865120e-04  1.50000000e+00  1.01047855e-03 
 1.50000000e+00  9.36652227e-04  1.50000000e+00  1.02077971e-03 
 1.50000000e+00  9.48213831e-04  1.50000000e+00  1.03087894e-03 
 1.50000000e+00  9.58000938e-04  1.50000000e+00  1.04118010e-03 
 1.50000000e+00  9.70790052e-04  1.50000000e+00  1.05395741e-03 
 1.50000000e+00  9.80577159e-04  1.50000000e+00  1.06425857e-03 
 1.50000000e+00  9.87371829e-04  1.50000000e+00  1.07934450e-03 
 1.50000000e+00  9.97158936e-04  1.50000000e+00  1.08964566e-03 
 1.50000000e+00  1.00994805e-03  1.50000000e+00  1.10242298e-03 
 1.50000000e+00  1.01973516e-03  1.50000000e+00  1.11272414e-03 
 1.50000000e+00  1.03129525e-03  1.50000000e+00  1.13635485e-03 
 1.50000000e+00  1.04108236e-03  1.50000000e+00  1.14665602e-03 
 1.50000000e+00  1.05387147e-03  1.50000000e+00  1.15943333e-03 
 1.50000000e+00  1.06365858e-03  1.50000000e+00  1.16973449e-03 
 1.50000000e+00  1.07045325e-03  1.50000000e+00  1.18482042e-03 
 1.50000000e+00  1.08024035e-03  1.50000000e+00  1.19512158e-03 
 1.50000000e+00  1.09302947e-03  1.50000000e+00  1.20789890e-03 
 1.50000000e+00  1.10281658e-03  1.50000000e+00  1.21820006e-03 
 1.50000000e+00  1.11437818e-03  1.50000000e+00  1.22829929e-03 
 1.50000000e+00  1.12416529e-03  1.50000000e+00  1.23860045e-03 
 1.50000000e+00  1.13695440e-03  1.50000000e+00  1.25137776e-03 
 1.50000000e+00  1.14674151e-03  1.50000000e+00  1.26167893e-03 
 1.50000000e+00  1.15353618e-03  1.50000000e+00  1.27676485e-03 
 1.50000000e+00  1.16332328e-03  1.50000000e+00  1.28706602e-03 
 1.50000000e+00  1.17611240e-03  1.50000000e+00  1.29984333e-03 
 1.50000000e+00  1.18589950e-03  1.50000000e+00  1.31014449e-03 
 1.50000000e+00  1.19894736e-03  1.50000000e+00  1.31950279e-03 
 1.50000000e+00  1.20873447e-03  1.50000000e+00  1.32980395e-03 
 1.50000000e+00  1.22152358e-03  1.50000000e+00  1.34258126e-03 
 1.50000000e+00  1.23131069e-03  1.50000000e+00  1.35288243e-03 
 1.50000000e+00  1.23810536e-03  1.50000000e+00  1.36796835e-03 
 1.50000000e+00  1.24789246e-03  1.50000000e+00  1.37826952e-03 
 1.50000000e+00  1.26068158e-03  1.50000000e+00  1.39104683e-03 
 1.50000000e+00  1.27046869e-03  1.50000000e+00  1.40134799e-03 
 1.50000000e+00  1.28203029e-03  1.50000000e+00  1.41144722e-03 
 1.50000000e+00  1.29181740e-03  1.50000000e+00  1.42174838e-03 
 1.50000000e+00  1.30460651e-03  1.50000000e+00  1.43452570e-03 
 1.50000000e+00  1.31439362e-03  1.50000000e+00  1.44482686e-03 
 1.50000000e+00  1.32118829e-03  1.50000000e+00  1.45991279e-03 
 1.50000000e+00  1.33097539e-03  1.50000000e+00  1.47021395e-03 
 1.50000000e+00  1.34376451e-03  1.50000000e+00  1.48299126e-03 
 1.50000000e+00  1.35355161e-03  1.50000000e+00  1.49329243e-03 
 1.50000000e+00  1.34386199e-03  1.50000000e+00  1.49928222e-03 
 1.50000000e+00  1.35364910e-03  1.50000000e+00  1.50958339e-03 
 1.50000000e+00  1.36643821e-03  1.50000000e+00  1.52236070e-03 
 1.50000000e+00  1.37622532e-03  1.50000000e+00  1.53266186e-03 
 1.50000000e+00  1.38301999e-03  1.50000000e+00  1.54774779e-03 
 1.50000000e+00  1.39280710e-03  1.50000000e+00  1.55804896e-03 
 1.50000000e+00  1.40559621e-03  1.50000000e+00  1.57082627e-03 
 1.50000000e+00  1.41538332e-03  1.50000000e+00  1.58112743e-03 
 1.50000000e+00  1.42694492e-03  1.50000000e+00  1.59122666e-03 
 1.50000000e+00  1.43673203e-03  1.50000000e+00  1.60152782e-03 
 1.50000000e+00  1.44952114e-03  1.50000000e+00  1.61430513e-03 
 1.50000000e+00  1.45930825e-03  1.50000000e+00  1.62460630e-03 
 1.50000000e+00  1.46610292e-03  1.50000000e+00  1.63969222e-03 
 1.50000000e+00  1.47589002e-03  1.50000000e+00  1.64999339e-03 
 1.50000000e+00  1.48867914e-03  1.50000000e+00  1.66277070e-03 
 1.50000000e+00  1.49846625e-03  1.50000000e+00  1.67307186e-03 
 1.50000000e+00  1.51151410e-03  1.50000000e+00  1.68243016e-03 
 1.50000000e+00  1.52130121e-03  1.50000000e+00  1.69273132e-03 
 1.50000000e+00  1.53409032e-03  1.50000000e+00  1.70550863e-03 
 1.50000000e+00  1.54387743e-03  1.50000000e+00  1.71580980e-03 
 1.50000000e+00  1.55067210e-03  1.50000000e+00  1.73089573e-03 
 1.50000000e+00  1.56045921e-03  1.50000000e+00  1.74119689e-03 
 1.50000000e+00  1.57324832e-03  1.50000000e+00  1.75397420e-03 
 1.50000000e+00  1.58303543e-03  1.50000000e+00  1.76427536e-03 
 1.50000000e+00  1.59459703e-03  1.50000000e+00  1.77437459e-03 
 1.50000000e+00  1.60438414e-03  1.50000000e+00  1.78467575e-03 
 1.50000000e+00  1.61717325e-03  1.50000000e+00  1.79745307e-03 
 1.50000000e+00  1.62696036e-03  1.50000000e+00  1.80775423e-03 
 1.50000000e+00  1.63375503e-03  1.50000000e+00  1.82284016e-03 
 1.50000000e+00  1.64354213e-03  1.50000000e+00  1.83314132e-03 
 1.50000000e+00  1.65633125e-03  1.50000000e+00  1.84591863e-03 
 1.50000000e+00  1.66611835e-03  1.50000000e+00  1.85621980e-03 
 1.50000000e+00  1.67767845e-03  1.50000000e+00  1.87985051e-03 
 1.50000000e+00  1.68746555e-03  1.50000000e+00  1.89015167e-03 
 1.50000000e+00  1.70025467e-03  1.50000000e+00  1.90292899e-03 
 1.50000000e+00  1.71004177e-03  1.50000000e+00  1.91323015e-03 
 1.50000000e+00  1.71683645e-03  1.50000000e+00  1.92831608e-03 
 1.50000000e+00  1.72662355e-03  1.50000000e+00  1.93861724e-03 
 1.50000000e+00  1.73941267e-03  1.50000000e+00  1.95139455e-03 
 1.50000000e+00  1.74919977e-03  1.50000000e+00  1.96169572e-03 
 1.50000000e+00  1.76076138e-03  1.50000000e+00  1.97179494e-03 
 1.50000000e+00  1.77054848e-03  1.50000000e+00  1.98209610e-03 
 1.50000000e+00  1.78333760e-03  1.50000000e+00  1.99487342e-03 
 1.50000000e+00  1.79312470e-03  1.50000000e+00  2.00517458e-03 
 1.50000000e+00  1.79991937e-03  1.50000000e+00  2.02026051e-03 
 1.50000000e+00  1.80970648e-03  1.50000000e+00  2.03056167e-03 
 1.50000000e+00  1.82249559e-03  1.50000000e+00  2.04333899e-03 
 1.50000000e+00  1.83228270e-03  1.50000000e+00  2.05364015e-03 
 1.50000000e+00  1.84533056e-03  1.50000000e+00  2.06299844e-03 
 1.50000000e+00  1.85511766e-03  1.50000000e+00  2.07329960e-03 
 1.50000000e+00  1.86790678e-03  1.50000000e+00  2.08607692e-03 
 1.50000000e+00  1.87769388e-03  1.50000000e+00  2.09637808e-03 
 1.50000000e+00  1.88448856e-03  1.50000000e+00  2.11146401e-03 
 1.50000000e+00  1.89427566e-03  1.50000000e+00  2.12176517e-03 
 1.50000000e+00  1.90706478e-03  1.50000000e+00  2.13454249e-03 
 1.50000000e+00  1.91685188e-03  1.50000000e+00  2.14484365e-03 
 1.50000000e+00  1.92841349e-03  1.50000000e+00  2.15494287e-03 
 1.50000000e+00  1.93820059e-03  1.50000000e+00  2.16524404e-03 
 1.50000000e+00  1.95098971e-03  1.50000000e+00  2.17802135e-03 
 1.50000000e+00  1.96077681e-03  1.50000000e+00  2.18832251e-03 
 1.50000000e+00  1.96757148e-03  1.50000000e+00  2.20340844e-03 
 1.50000000e+00  1.97735859e-03  1.50000000e+00  2.21370960e-03 
 1.50000000e+00  1.99014770e-03  1.50000000e+00  2.22648692e-03 
 1.50000000e+00  1.99993481e-03  1.50000000e+00  2.23678808e-03 
 1.50000000e+00  2.01156211e-03  1.50000000e+00  2.24448926e-03 
 1.50000000e+00  2.02134921e-03  1.50000000e+00  2.25479043e-03 
 1.50000000e+00  2.03413833e-03  1.50000000e+00  2.26756774e-03 
 1.50000000e+00  2.04392543e-03  1.50000000e+00  2.27786890e-03 
 1.50000000e+00  2.05072011e-03  1.50000000e+00  2.29295483e-03 
 1.50000000e+00  2.06050721e-03  1.50000000e+00  2.30325599e-03 
 1.50000000e+00  2.07329633e-03  1.50000000e+00  2.31603331e-03 
 1.50000000e+00  2.08308343e-03  1.50000000e+00  2.32633447e-03 
 1.50000000e+00  2.09464504e-03  1.50000000e+00  2.33643369e-03 
 1.50000000e+00  2.10443214e-03  1.50000000e+00  2.34673486e-03 
 1.50000000e+00  2.11722126e-03  1.50000000e+00  2.35951217e-03 
 1.50000000e+00  2.12700836e-03  1.50000000e+00  2.36981333e-03 
 1.50000000e+00  2.13380303e-03  1.50000000e+00  2.38489926e-03 
 1.50000000e+00  2.14359014e-03  1.50000000e+00  2.39520043e-03 
 1.50000000e+00  2.15637925e-03  1.50000000e+00  2.40797774e-03 
 1.50000000e+00  2.16616636e-03  1.50000000e+00  2.41827890e-03 
 1.50000000e+00  2.17921422e-03  1.50000000e+00  2.42763720e-03 
 1.50000000e+00  2.18900132e-03  1.50000000e+00  2.43793836e-03 
 1.50000000e+00  2.20179044e-03  1.50000000e+00  2.45071567e-03 
 1.50000000e+00  2.21157755e-03  1.50000000e+00  2.46101684e-03 
 1.50000000e+00  2.21837222e-03  1.50000000e+00  2.47610276e-03 
 1.50000000e+00  2.22815932e-03  1.50000000e+00  2.48640393e-03 
 1.50000000e+00  2.24094844e-03  1.50000000e+00  2.49918124e-03 
 1.50000000e+00  2.25073554e-03  1.50000000e+00  2.50948240e-03 
 1.50000000e+00  2.26229715e-03  1.50000000e+00  2.51958163e-03 
 1.50000000e+00  2.27208425e-03  1.50000000e+00  2.52988279e-03 
 1.50000000e+00  2.28487337e-03  1.50000000e+00  2.54266010e-03 
 1.50000000e+00  2.29466047e-03  1.50000000e+00  2.55296127e-03 
 1.50000000e+00  2.30145514e-03  1.50000000e+00  2.56804720e-03 
 1.50000000e+00  2.31124225e-03  1.50000000e+00  2.57834836e-03 
 1.50000000e+00  2.32403137e-03  1.50000000e+00  2.59112567e-03 
 1.50000000e+00  2.33381847e-03  1.50000000e+00  2.60142684e-03 
 1.50000000e+00  2.34537856e-03  1.50000000e+00  2.62505754e-03 
 1.50000000e+00  2.35516567e-03  1.50000000e+00  2.63535871e-03 
 1.50000000e+00  2.36795478e-03  1.50000000e+00  2.64813602e-03 
 1.50000000e+00  2.37774189e-03  1.50000000e+00  2.65843718e-03 
 1.50000000e+00  2.38453656e-03  1.50000000e+00  2.67352311e-03 
 1.50000000e+00  2.39432367e-03  1.50000000e+00  2.68382428e-03 
 1.50000000e+00  2.40711278e-03  1.50000000e+00  2.69660159e-03 
 1.50000000e+00  2.41689989e-03  1.50000000e+00  2.70690275e-03 
 1.50000000e+00  2.42846149e-03  1.50000000e+00  2.71700198e-03 
 1.50000000e+00  2.43824860e-03  1.50000000e+00  2.72730314e-03 
 1.50000000e+00  2.45103771e-03  1.50000000e+00  2.74008045e-03 
 1.50000000e+00  2.46082482e-03  1.50000000e+00  2.75038162e-03 
 1.50000000e+00  2.46761949e-03  1.50000000e+00  2.76546754e-03 
 1.50000000e+00  2.47740660e-03  1.50000000e+00  2.77576871e-03 
 1.50000000e+00  2.49019571e-03  1.50000000e+00  2.78854602e-03 
 1.50000000e+00  2.49998282e-03  1.50000000e+00  2.79884718e-03 
 1.50000000e+00  2.51303067e-03  1.50000000e+00  2.80820548e-03 
 1.50000000e+00  2.52281778e-03  1.50000000e+00  2.81850664e-03 
 1.50000000e+00  2.53560689e-03  1.50000000e+00  2.83128395e-03 
 1.50000000e+00  2.54539400e-03  1.50000000e+00  2.84158512e-03 
 1.50000000e+00  2.55218867e-03  1.50000000e+00  2.85667105e-03 
 1.50000000e+00  2.56197578e-03  1.50000000e+00  2.86697221e-03 
 1.50000000e+00  2.57476489e-03  1.50000000e+00  2.87974952e-03 
 1.50000000e+00  2.58455200e-03  1.50000000e+00  2.89005068e-03 
 1.50000000e+00  2.59611360e-03  1.50000000e+00  2.90014991e-03 
 1.50000000e+00  2.60590071e-03  1.50000000e+00  2.91045107e-03 
 1.50000000e+00  2.61868982e-03  1.50000000e+00  2.92322838e-03 
 1.50000000e+00  2.62847693e-03  1.50000000e+00  2.93352955e-03 
 1.50000000e+00  2.63527160e-03  1.50000000e+00  2.94861548e-03 
 1.50000000e+00  2.64505871e-03  1.50000000e+00  2.95891664e-03 
 1.50000000e+00  2.65784782e-03  1.50000000e+00  2.97169395e-03 
 1.50000000e+00  2.66763493e-03  1.50000000e+00  2.98199512e-03 
 1.50000000e+00  2.65186915e-03  1.50000000e+00  3.01981899e-03 
 1.50000000e+00  2.66165626e-03  1.50000000e+00  3.03012015e-03 
 1.50000000e+00  2.67444537e-03  1.50000000e+00  3.04289747e-03 
 1.50000000e+00  2.68423248e-03  1.50000000e+00  3.05319863e-03 
 1.50000000e+00  2.69102715e-03  1.50000000e+00  3.06828456e-03 
 1.50000000e+00  2.70081426e-03  1.50000000e+00  3.07858572e-03 
 1.50000000e+00  2.71360337e-03  1.50000000e+00  3.09136303e-03 
 1.50000000e+00  2.72339048e-03  1.50000000e+00  3.10166420e-03 
 1.50000000e+00  2.73495208e-03  1.50000000e+00  3.11176342e-03 
 1.50000000e+00  2.74473919e-03  1.50000000e+00  3.12206458e-03 
 1.50000000e+00  2.75752830e-03  1.50000000e+00  3.13484190e-03 
 1.50000000e+00  2.76731541e-03  1.50000000e+00  3.14514306e-03 
 1.50000000e+00  2.77411008e-03  1.50000000e+00  3.16022899e-03 
 1.50000000e+00  2.78389719e-03  1.50000000e+00  3.17053015e-03 
 1.50000000e+00  2.79668630e-03  1.50000000e+00  3.18330747e-03 
 1.50000000e+00  2.80647341e-03  1.50000000e+00  3.19360863e-03 
 1.50000000e+00  2.81952127e-03  1.50000000e+00  3.20296692e-03 
 1.50000000e+00  2.82930837e-03  1.50000000e+00  3.21326809e-03 
 1.50000000e+00  2.84209749e-03  1.50000000e+00  3.22604540e-03 
 1.50000000e+00  2.85188459e-03  1.50000000e+00  3.23634656e-03 
 1.50000000e+00  2.85867927e-03  1.50000000e+00  3.25143249e-03 
 1.50000000e+00  2.86846637e-03  1.50000000e+00  3.26173365e-03 
 1.50000000e+00  2.88125549e-03  1.50000000e+00  3.27451097e-03 
 1.50000000e+00  2.89104259e-03  1.50000000e+00  3.28481213e-03 
 1.50000000e+00  2.90260419e-03  1.50000000e+00  3.29491135e-03 
 1.50000000e+00  2.91239130e-03  1.50000000e+00  3.30521252e-03 
 1.50000000e+00  2.92518041e-03  1.50000000e+00  3.31798983e-03 
 1.50000000e+00  2.93496752e-03  1.50000000e+00  3.32829099e-03 
 1.50000000e+00  2.94176219e-03  1.50000000e+00  3.34337692e-03 
 1.50000000e+00  2.95154930e-03  1.50000000e+00  3.35367809e-03 
 1.50000000e+00  2.96433841e-03  1.50000000e+00  3.36645540e-03 
 1.50000000e+00  2.97412552e-03  1.50000000e+00  3.37675656e-03 
 1.50000000e+00  2.98568561e-03  1.50000000e+00  3.40038727e-03 
 1.50000000e+00  2.99547272e-03  1.50000000e+00  3.41068843e-03 
 1.50000000e+00  3.00826183e-03  1.50000000e+00  3.42346575e-03 
 1.50000000e+00  3.01804894e-03  1.50000000e+00  3.43376691e-03 
 1.50000000e+00  3.02484361e-03  1.50000000e+00  3.44885284e-03 
 1.50000000e+00  3.03463072e-03  1.50000000e+00  3.45915400e-03 
 1.50000000e+00  3.04741983e-03  1.50000000e+00  3.47193131e-03 
 1.50000000e+00  3.05720694e-03  1.50000000e+00  3.48223248e-03 
 1.50000000e+00  3.06876854e-03  1.50000000e+00  3.49233170e-03 
 1.50000000e+00  3.07855564e-03  1.50000000e+00  3.50263286e-03 
 1.50000000e+00  3.09134476e-03  1.50000000e+00  3.51541018e-03 
 1.50000000e+00  3.10113186e-03  1.50000000e+00  3.52571134e-03 
 1.50000000e+00  3.10792654e-03  1.50000000e+00  3.54079727e-03 
 1.50000000e+00  3.11771364e-03  1.50000000e+00  3.55109843e-03 
 1.50000000e+00  3.13050276e-03  1.50000000e+00  3.56387574e-03 
 1.50000000e+00  3.14028986e-03  1.50000000e+00  3.57417691e-03 
 1.50000000e+00  3.15333772e-03  1.50000000e+00  3.58353520e-03 
 1.50000000e+00  3.16312483e-03  1.50000000e+00  3.59383636e-03 
 1.50000000e+00  3.17591394e-03  1.50000000e+00  3.60661368e-03 
 1.50000000e+00  3.18570105e-03  1.50000000e+00  3.61691484e-03 
 1.50000000e+00  3.19249572e-03  1.50000000e+00  3.63200077e-03 
 1.50000000e+00  3.20228283e-03  1.50000000e+00  3.64230193e-03 
 1.50000000e+00  3.21507194e-03  1.50000000e+00  3.65507925e-03 
 1.50000000e+00  3.22485905e-03  1.50000000e+00  3.66538041e-03 
 1.50000000e+00  3.23642065e-03  1.50000000e+00  3.67547963e-03 
 1.50000000e+00  3.24620776e-03  1.50000000e+00  3.68578079e-03 
 1.50000000e+00  3.25899687e-03  1.50000000e+00  3.69855811e-03 
 1.50000000e+00  3.26878398e-03  1.50000000e+00  3.70885927e-03 
 1.50000000e+00  3.27557865e-03  1.50000000e+00  3.72394520e-03 
 1.50000000e+00  3.28536575e-03  1.50000000e+00  3.73424636e-03 
 1.50000000e+00  3.29815487e-03  1.50000000e+00  3.74702368e-03 
 1.50000000e+00  3.30794197e-03  1.50000000e+00  3.75732484e-03 
 1.50000000e+00  3.31956927e-03  1.50000000e+00  3.76502602e-03 
 1.50000000e+00  3.32935638e-03  1.50000000e+00  3.77532718e-03 
 1.50000000e+00  3.34214549e-03  1.50000000e+00  3.78810450e-03 
 1.50000000e+00  3.35193260e-03  1.50000000e+00  3.79840566e-03 
 1.50000000e+00  3.35872727e-03  1.50000000e+00  3.81349159e-03 
 1.50000000e+00  3.36851438e-03  1.50000000e+00  3.82379275e-03 
 1.50000000e+00  3.38130349e-03  1.50000000e+00  3.83657007e-03 
 1.50000000e+00  3.39109060e-03  1.50000000e+00  3.84687123e-03 
 1.50000000e+00  3.40265220e-03  1.50000000e+00  3.85697045e-03 
 1.50000000e+00  3.41243931e-03  1.50000000e+00  3.86727161e-03 
 1.50000000e+00  3.42522842e-03  1.50000000e+00  3.88004893e-03 
 1.50000000e+00  3.43501553e-03  1.50000000e+00  3.89035009e-03 
 1.50000000e+00  3.44181020e-03  1.50000000e+00  3.90543602e-03 
 1.50000000e+00  3.45159731e-03  1.50000000e+00  3.91573718e-03 
 1.50000000e+00  3.46438642e-03  1.50000000e+00  3.92851450e-03 
 1.50000000e+00  3.47417353e-03  1.50000000e+00  3.93881566e-03 
 1.50000000e+00  3.48722139e-03  1.50000000e+00  3.94817395e-03 
 1.50000000e+00  3.49700849e-03  1.50000000e+00  3.95847511e-03 
 1.50000000e+00  3.50979761e-03  1.50000000e+00  3.97125243e-03 
 1.50000000e+00  3.51958471e-03  1.50000000e+00  3.98155359e-03 
 1.50000000e+00  3.52637939e-03  1.50000000e+00  3.99663952e-03 
 1.50000000e+00  3.53616649e-03  1.50000000e+00  4.00694068e-03 
 1.50000000e+00  3.54895561e-03  1.50000000e+00  4.01971800e-03 
 1.50000000e+00  3.55874271e-03  1.50000000e+00  4.03001916e-03 
 1.50000000e+00  3.57030431e-03  1.50000000e+00  4.04011838e-03 
 1.50000000e+00  3.58009142e-03  1.50000000e+00  4.05041955e-03 
 1.50000000e+00  3.59288053e-03  1.50000000e+00  4.06319686e-03 
 1.50000000e+00  3.60266764e-03  1.50000000e+00  4.07349802e-03 
 1.50000000e+00  3.60946231e-03  1.50000000e+00  4.08858395e-03 
 1.50000000e+00  3.61924942e-03  1.50000000e+00  4.09888511e-03 
 1.50000000e+00  3.63203853e-03  1.50000000e+00  4.11166243e-03 
 1.50000000e+00  3.64182564e-03  1.50000000e+00  4.12196359e-03 
 1.50000000e+00  3.65338573e-03  1.50000000e+00  4.14559430e-03 
 1.50000000e+00  3.66317284e-03  1.50000000e+00  4.15589546e-03 
 1.50000000e+00  3.67596195e-03  1.50000000e+00  4.16867277e-03 
 1.50000000e+00  3.68574906e-03  1.50000000e+00  4.17897394e-03 
 1.50000000e+00  3.69254373e-03  1.50000000e+00  4.19405987e-03 
 1.50000000e+00  3.70233083e-03  1.50000000e+00  4.20436103e-03 
 1.50000000e+00  3.71511995e-03  1.50000000e+00  4.21713834e-03 
 1.50000000e+00  3.72490705e-03  1.50000000e+00  4.22743951e-03 
 1.50000000e+00  3.73646866e-03  1.50000000e+00  4.23753873e-03 
 1.50000000e+00  3.74625576e-03  1.50000000e+00  4.24783989e-03 
 1.50000000e+00  3.75904488e-03  1.50000000e+00  4.26061720e-03 
 1.50000000e+00  3.76883198e-03  1.50000000e+00  4.27091837e-03 
 1.50000000e+00  3.77562665e-03  1.50000000e+00  4.28600430e-03 
 1.50000000e+00  3.78541376e-03  1.50000000e+00  4.29630546e-03 
 1.50000000e+00  3.79820287e-03  1.50000000e+00  4.30908277e-03 
 1.50000000e+00  3.80798998e-03  1.50000000e+00  4.31938394e-03 
 1.50000000e+00  3.82103784e-03  1.50000000e+00  4.32874223e-03 
 1.50000000e+00  3.83082495e-03  1.50000000e+00  4.33904339e-03 
 1.50000000e+00  3.84361406e-03  1.50000000e+00  4.35182070e-03 
 1.50000000e+00  3.85340117e-03  1.50000000e+00  4.36212187e-03 
 1.50000000e+00  3.86019584e-03  1.50000000e+00  4.37720780e-03 
 1.50000000e+00  3.86998295e-03  1.50000000e+00  4.38750896e-03 
 1.50000000e+00  3.88277206e-03  1.50000000e+00  4.40028627e-03 
 1.50000000e+00  3.89255917e-03  1.50000000e+00  4.41058744e-03 
 1.50000000e+00  3.90412077e-03  1.50000000e+00  4.42068666e-03 
 1.50000000e+00  3.91390787e-03  1.50000000e+00  4.43098782e-03 
 1.50000000e+00  3.92669699e-03  1.50000000e+00  4.44376513e-03 
 1.50000000e+00  3.93648409e-03  1.50000000e+00  4.45406630e-03 
 1.50000000e+00  3.94327877e-03  1.50000000e+00  4.46915223e-03 
 1.50000000e+00  3.95306587e-03  1.50000000e+00  4.47945339e-03 
 1.50000000e+00  3.96585499e-03  1.50000000e+00  4.49223070e-03 
 1.50000000e+00  3.97564209e-03  1.50000000e+00  4.50253187e-03 
 1.50000000e+00  3.96595246e-03  1.50000000e+00  4.50852168e-03 
 1.50000000e+00  3.97573957e-03  1.50000000e+00  4.51882284e-03 
 1.50000000e+00  3.98852868e-03  1.50000000e+00  4.53160015e-03 
 1.50000000e+00  3.99831579e-03  1.50000000e+00  4.54190132e-03 
 1.50000000e+00  4.00511046e-03  1.50000000e+00  4.55698725e-03 
 1.50000000e+00  4.01489757e-03  1.50000000e+00  4.56728841e-03 
 1.50000000e+00  4.02768668e-03  1.50000000e+00  4.58006572e-03 
 1.50000000e+00  4.03747379e-03  1.50000000e+00  4.59036689e-03 
 1.50000000e+00  4.04903539e-03  1.50000000e+00  4.60046611e-03 
 1.50000000e+00  4.05882250e-03  1.50000000e+00  4.61076727e-03 
 1.50000000e+00  4.07161161e-03  1.50000000e+00  4.62354458e-03 
 1.50000000e+00  4.08139872e-03  1.50000000e+00  4.63384575e-03 
 1.50000000e+00  4.08819339e-03  1.50000000e+00  4.64893168e-03 
 1.50000000e+00  4.09798050e-03  1.50000000e+00  4.65923284e-03 
 1.50000000e+00  4.11076961e-03  1.50000000e+00  4.67201015e-03 
 1.50000000e+00  4.12055672e-03  1.50000000e+00  4.68231132e-03 
 1.50000000e+00  4.13360458e-03  1.50000000e+00  4.69166961e-03 
 1.50000000e+00  4.14339168e-03  1.50000000e+00  4.70197077e-03 
 1.50000000e+00  4.15618080e-03  1.50000000e+00  4.71474808e-03 
 1.50000000e+00  4.16596790e-03  1.50000000e+00  4.72504925e-03 
 1.50000000e+00  4.17276258e-03  1.50000000e+00  4.74013518e-03 
 1.50000000e+00  4.18254968e-03  1.50000000e+00  4.75043634e-03 
 1.50000000e+00  4.19533880e-03  1.50000000e+00  4.76321366e-03 
 1.50000000e+00  4.20512590e-03  1.50000000e+00  4.77351482e-03 
 1.50000000e+00  4.21668750e-03  1.50000000e+00  4.78361404e-03 
 1.50000000e+00  4.22647461e-03  1.50000000e+00  4.79391520e-03 
 1.50000000e+00  4.23926372e-03  1.50000000e+00  4.80669251e-03 
 1.50000000e+00  4.24905083e-03  1.50000000e+00  4.81699368e-03 
 1.50000000e+00  4.25584550e-03  1.50000000e+00  4.83207961e-03 
 1.50000000e+00  4.26563261e-03  1.50000000e+00  4.84238077e-03 
 1.50000000e+00  4.27842172e-03  1.50000000e+00  4.85515809e-03 
 1.50000000e+00  4.28820883e-03  1.50000000e+00  4.86545925e-03 
 1.50000000e+00  4.29976892e-03  1.50000000e+00  4.88908995e-03 
 1.50000000e+00  4.30955602e-03  1.50000000e+00  4.89939111e-03 
 1.50000000e+00  4.32234514e-03  1.50000000e+00  4.91216843e-03 
 1.50000000e+00  4.33213224e-03  1.50000000e+00  4.92246959e-03 
 1.50000000e+00  4.33892692e-03  1.50000000e+00  4.93755552e-03 
 1.50000000e+00  4.34871402e-03  1.50000000e+00  4.94785668e-03 
 1.50000000e+00  4.36150314e-03  1.50000000e+00  4.96063400e-03 
 1.50000000e+00  4.37129024e-03  1.50000000e+00  4.97093516e-03 
 1.50000000e+00  4.38285184e-03  1.50000000e+00  4.98103438e-03 
 1.50000000e+00  4.39263895e-03  1.50000000e+00  4.99133554e-03 
 1.50000000e+00  4.40542806e-03  1.50000000e+00  5.00411286e-03 
 1.50000000e+00  4.41521517e-03  1.50000000e+00  5.01441402e-03 
 1.50000000e+00  4.42200984e-03  1.50000000e+00  5.02949995e-03 
 1.50000000e+00  4.43179695e-03  1.50000000e+00  5.03980111e-03 
 1.50000000e+00  4.44458606e-03  1.50000000e+00  5.05257843e-03 
 1.50000000e+00  4.45437317e-03  1.50000000e+00  5.06287959e-03 
 1.50000000e+00  4.46742103e-03  1.50000000e+00  5.07223788e-03 
 1.50000000e+00  4.47720814e-03  1.50000000e+00  5.08253905e-03 
 1.50000000e+00  4.48999725e-03  1.50000000e+00  5.09531636e-03 
 1.50000000e+00  4.49978436e-03  1.50000000e+00  5.10561752e-03 
 1.50000000e+00  4.50657903e-03  1.50000000e+00  5.12070345e-03 
 1.50000000e+00  4.51636614e-03  1.50000000e+00  5.13100462e-03 
 1.50000000e+00  4.52915525e-03  1.50000000e+00  5.14378193e-03 
 1.50000000e+00  4.53894235e-03  1.50000000e+00  5.15408309e-03 
 1.50000000e+00  4.55050395e-03  1.50000000e+00  5.16418231e-03 
 1.50000000e+00  4.56029106e-03  1.50000000e+00  5.17448348e-03 
 1.50000000e+00  4.57308017e-03  1.50000000e+00  5.18726079e-03 
 1.50000000e+00  4.58286728e-03  1.50000000e+00  5.19756195e-03 
 1.50000000e+00  4.58966195e-03  1.50000000e+00  5.21264788e-03 
 1.50000000e+00  4.59944906e-03  1.50000000e+00  5.22294905e-03 
 1.50000000e+00  4.61223817e-03  1.50000000e+00  5.23572636e-03 
 1.50000000e+00  4.62202528e-03  1.50000000e+00  5.24602752e-03 
 1.50000000e+00  4.63365258e-03  1.50000000e+00  5.25372870e-03 
 1.50000000e+00  4.64343969e-03  1.50000000e+00  5.26402986e-03 
 1.50000000e+00  4.65622880e-03  1.50000000e+00  5.27680718e-03 
 1.50000000e+00  4.66601591e-03  1.50000000e+00  5.28710834e-03 
 1.50000000e+00  4.67281058e-03  1.50000000e+00  5.30219427e-03 
 1.50000000e+00  4.68259769e-03  1.50000000e+00  5.31249543e-03 
 1.50000000e+00  4.69538680e-03  1.50000000e+00  5.32527275e-03 
 1.50000000e+00  4.70517391e-03  1.50000000e+00  5.33557391e-03 
 1.50000000e+00  4.71673551e-03  1.50000000e+00  5.34567313e-03 
 1.50000000e+00  4.72652262e-03  1.50000000e+00  5.35597429e-03 
 1.50000000e+00  4.73931173e-03  1.50000000e+00  5.36875161e-03 
 1.50000000e+00  4.74909883e-03  1.50000000e+00  5.37905277e-03 
 1.50000000e+00  4.75589351e-03  1.50000000e+00  5.39413870e-03 
 1.50000000e+00  4.76568061e-03  1.50000000e+00  5.40443986e-03 
 1.50000000e+00  4.77846973e-03  1.50000000e+00  5.41721718e-03 
 1.50000000e+00  4.78825683e-03  1.50000000e+00  5.42751834e-03 
 1.50000000e+00  4.80130470e-03  1.50000000e+00  5.43687663e-03 
 1.50000000e+00  4.81109180e-03  1.50000000e+00  5.44717780e-03 
 1.50000000e+00  4.82388092e-03  1.50000000e+00  5.45995511e-03 
 1.50000000e+00  4.83366802e-03  1.50000000e+00  5.47025627e-03 
 1.50000000e+00  4.84046270e-03  1.50000000e+00  5.48534220e-03 
 1.50000000e+00  4.85024980e-03  1.50000000e+00  5.49564337e-03 
 1.50000000e+00  4.86303892e-03  1.50000000e+00  5.50842068e-03 
 1.50000000e+00  4.87282602e-03  1.50000000e+00  5.51872184e-03 
 1.50000000e+00  4.88438762e-03  1.50000000e+00  5.52882106e-03 
 1.50000000e+00  4.89417473e-03  1.50000000e+00  5.53912222e-03 
 1.50000000e+00  4.90696384e-03  1.50000000e+00  5.55189954e-03 
 1.50000000e+00  4.91675095e-03  1.50000000e+00  5.56220070e-03 
 1.50000000e+00  4.92354562e-03  1.50000000e+00  5.57728663e-03 
 1.50000000e+00  4.93333273e-03  1.50000000e+00  5.58758780e-03 
 1.50000000e+00  4.94612184e-03  1.50000000e+00  5.60036511e-03 
 1.50000000e+00  4.95590895e-03  1.50000000e+00  5.61066627e-03 
 1.50000000e+00  4.96746904e-03  1.50000000e+00  5.63429697e-03 
 1.50000000e+00  4.97725614e-03  1.50000000e+00  5.64459814e-03 
 1.50000000e+00  4.99004525e-03  1.50000000e+00  5.65737545e-03 
 1.50000000e+00  4.99983236e-03  1.50000000e+00  5.66767661e-03 
 1.50000000e+00  5.00662703e-03  1.50000000e+00  5.68276254e-03 
 1.50000000e+00  5.01641414e-03  1.50000000e+00  5.69306371e-03 
 1.50000000e+00  5.02920325e-03  1.50000000e+00  5.70584102e-03 
 1.50000000e+00  5.03899036e-03  1.50000000e+00  5.71614218e-03 
 1.50000000e+00  5.05055196e-03  1.50000000e+00  5.72624140e-03 
 1.50000000e+00  5.06033907e-03  1.50000000e+00  5.73654256e-03 
 1.50000000e+00  5.07312818e-03  1.50000000e+00  5.74931988e-03 
 1.50000000e+00  5.08291528e-03  1.50000000e+00  5.75962104e-03 
 1.50000000e+00  5.08970996e-03  1.50000000e+00  5.77470697e-03 
 1.50000000e+00  5.09949707e-03  1.50000000e+00  5.78500814e-03 
 1.50000000e+00  5.11228618e-03  1.50000000e+00  5.79778545e-03 
 1.50000000e+00  5.12207328e-03  1.50000000e+00  5.80808661e-03 
 1.50000000e+00  5.13512115e-03  1.50000000e+00  5.81744490e-03 
 1.50000000e+00  5.14490825e-03  1.50000000e+00  5.82774607e-03 
 1.50000000e+00  5.15769737e-03  1.50000000e+00  5.84052338e-03 
 1.50000000e+00  5.16748447e-03  1.50000000e+00  5.85082454e-03 
 1.50000000e+00  5.17427915e-03  1.50000000e+00  5.86591048e-03 
 1.50000000e+00  5.18406625e-03  1.50000000e+00  5.87621164e-03 
 1.50000000e+00  5.19685537e-03  1.50000000e+00  5.88898895e-03 
 1.50000000e+00  5.20664247e-03  1.50000000e+00  5.89929012e-03 
 1.50000000e+00  5.21820407e-03  1.50000000e+00  5.90938933e-03 
 1.50000000e+00  5.22799118e-03  1.50000000e+00  5.91969050e-03 
 1.50000000e+00  5.24078029e-03  1.50000000e+00  5.93246781e-03 
 1.50000000e+00  5.25056740e-03  1.50000000e+00  5.94276897e-03 
 1.50000000e+00  5.25736207e-03  1.50000000e+00  5.95785490e-03 
 1.50000000e+00  5.26714918e-03  1.50000000e+00  5.96815607e-03 
 1.50000000e+00  5.27993829e-03  1.50000000e+00  5.98093338e-03 
 1.50000000e+00  5.28972540e-03  1.50000000e+00  5.99123454e-03 
