 1.50000000e+00 -8.78922180e-05  1.50000000e+00 -8.00371104e-05 
 1.50000000e+00 -8.51308233e-05  1.50000000e+00 -7.73177990e-05 
 1.50000000e+00 -8.14912021e-05  1.50000000e+00 -7.46233743e-05 
 1.50000000e+00 -7.87298074e-05  1.50000000e+00 -7.19040630e-05 
 1.50000000e+00 -7.78289555e-05  1.50000000e+00 -7.11204695e-05 
 1.50000000e+00 -7.50675608e-05  1.50000000e+00 -6.84011581e-05 
 1.50000000e+00 -7.14279396e-05  1.50000000e+00 -6.57067334e-05 
 1.50000000e+00 -6.86665449e-05  1.50000000e+00 -6.29874220e-05 
 1.50000000e+00 -6.55481945e-05  1.50000000e+00 -5.78275056e-05 
 1.50000000e+00 -6.27867999e-05  1.50000000e+00 -5.51081942e-05 
 1.50000000e+00 -5.91471786e-05  1.50000000e+00 -5.24137695e-05 
 1.50000000e+00 -5.63857840e-05  1.50000000e+00 -4.96944582e-05 
 1.50000000e+00 -5.54849320e-05  1.50000000e+00 -4.89108647e-05 
 1.50000000e+00 -5.27235374e-05  1.50000000e+00 -4.61915533e-05 
 1.50000000e+00 -4.90839161e-05  1.50000000e+00 -4.34971286e-05 
 1.50000000e+00 -4.63225215e-05  1.50000000e+00 -4.07778172e-05 
 1.50000000e+00 -4.29332421e-05  1.50000000e+00 -4.01949223e-05 
 1.50000000e+00 -4.01718474e-05  1.50000000e+00 -3.74756109e-05 
 1.50000000e+00 -3.65322262e-05  1.50000000e+00 -3.47811862e-05 
 1.50000000e+00 -3.37708315e-05  1.50000000e+00 -3.20618748e-05 
 1.50000000e+00 -3.28699796e-05  1.50000000e+00 -3.12782813e-05 
 1.50000000e+00 -3.01085849e-05  1.50000000e+00 -2.85589699e-05 
 1.50000000e+00 -2.64689637e-05  1.50000000e+00 -2.58645452e-05 
 1.50000000e+00 -2.37075690e-05  1.50000000e+00 -2.31452339e-05 
 1.50000000e+00 -2.05892186e-05  1.50000000e+00 -1.79853175e-05 
 1.50000000e+00 -1.78278240e-05  1.50000000e+00 -1.52660061e-05 
 1.50000000e+00 -1.41882027e-05  1.50000000e+00 -1.25715814e-05 
 1.50000000e+00 -1.14268081e-05  1.50000000e+00 -9.85227001e-06 
 1.50000000e+00 -1.05259561e-05  1.50000000e+00 -9.06867651e-06 
 1.50000000e+00 -7.76456149e-06  1.50000000e+00 -6.34936514e-06 
 1.50000000e+00 -4.12494022e-06  1.50000000e+00 -3.65494043e-06 
 1.50000000e+00 -1.36354559e-06  1.50000000e+00 -9.35629054e-07 
 1.50000000e+00  1.34302177e-06  1.50000000e+00  7.99088818e-07 
 1.50000000e+00  4.10441640e-06  1.50000000e+00  3.51840020e-06 
 1.50000000e+00  7.74403767e-06  1.50000000e+00  6.21282490e-06 
 1.50000000e+00  1.05054323e-05  1.50000000e+00  8.93213627e-06 
 1.50000000e+00  1.14062843e-05  1.50000000e+00  9.71572977e-06 
 1.50000000e+00  1.41676789e-05  1.50000000e+00  1.24350412e-05 
 1.50000000e+00  1.78073002e-05  1.50000000e+00  1.51294658e-05 
 1.50000000e+00  2.05686948e-05  1.50000000e+00  1.78487772e-05 
 1.50000000e+00  2.36870452e-05  1.50000000e+00  2.30086936e-05 
 1.50000000e+00  2.64484398e-05  1.50000000e+00  2.57280050e-05 
 1.50000000e+00  3.00880611e-05  1.50000000e+00  2.84224297e-05 
 1.50000000e+00  3.28494557e-05  1.50000000e+00  3.11417411e-05 
 1.50000000e+00  3.37503077e-05  1.50000000e+00  3.19253346e-05 
 1.50000000e+00  3.65117023e-05  1.50000000e+00  3.46446460e-05 
 1.50000000e+00  4.01513236e-05  1.50000000e+00  3.73390706e-05 
 1.50000000e+00  4.29127182e-05  1.50000000e+00  4.00583820e-05 
 1.50000000e+00  4.63019977e-05  1.50000000e+00  4.06412770e-05 
 1.50000000e+00  4.90633923e-05  1.50000000e+00  4.33605884e-05 
 1.50000000e+00  5.27030136e-05  1.50000000e+00  4.60550130e-05 
 1.50000000e+00  5.54644082e-05  1.50000000e+00  4.87743244e-05 
 1.50000000e+00  5.63652603e-05  1.50000000e+00  4.95579179e-05 
 1.50000000e+00  5.91266549e-05  1.50000000e+00  5.22772293e-05 
 1.50000000e+00  6.27662762e-05  1.50000000e+00  5.49716540e-05 
 1.50000000e+00  6.55276708e-05  1.50000000e+00  5.76909654e-05 
 1.50000000e+00  6.86460211e-05  1.50000000e+00  6.28508818e-05 
 1.50000000e+00  7.14074157e-05  1.50000000e+00  6.55701931e-05 
 1.50000000e+00  7.50470370e-05  1.50000000e+00  6.82646178e-05 
 1.50000000e+00  7.78084316e-05  1.50000000e+00  7.09839292e-05 
 1.50000000e+00  7.87092836e-05  1.50000000e+00  7.17675227e-05 
 1.50000000e+00  8.14706783e-05  1.50000000e+00  7.44868341e-05 
 1.50000000e+00  8.51102996e-05  1.50000000e+00  7.71812588e-05 
 1.50000000e+00  8.78716942e-05  1.50000000e+00  7.99005702e-05 
